162
4 190 327 253 173
4 369 125 318 415
4 420 227 102 313
4 35 103 331 476
4 28 393 131 496
4 196 342 487 389
4 97 293 260 82
4 47 270 275 321
4 165 248 418 386
4 482 354 479 130
4 326 491 2 426
4 33 222 206 191
4 322 407 184 88
4 256 32 456 57
4 306 289 485 133
4 1 112 305 215
4 21 160 398 211
4 279 217 39 417
4 86 396 481 440
4 7 60 312 465
4 358 34 30 220
4 334 11 382 232
4 352 387 297 143
4 64 258 178 483
4 170 412 303 428
4 319 329 404 157
4 158 6 469 205
4 266 462 470 374
4 443 240 464 49
4 337 350 255 408
4 38 324 27 489
4 463 188 29 368
4 451 360 76 436
4 234 225 207 488
4 111 437 390 287
4 210 439 366 478
4 448 362 185 257
4 221 391 13 67
4 475 397 79 357
4 434 203 449 110
4 433 187 95 224
4 249 427 56 395
4 405 271 104 458
4 219 147 116 26
4 208 442 302 36
4 61 180 411 365
4 288 499 31 138
4 292 123 251 332
4 409 139 25 162
4 419 117 268 80
4 445 444 364 244
4 356 474 174 400
4 455 430 278 16
4 320 91 159 23
4 19 375 204 148
4 276 235 388 90
4 399 283 274 198
4 263 149 55 10
4 105 351 177 361
4 254 237 247 379
3 378 151 280
3 363 450 460
3 494 453 461
3 93 402 58
3 423 406 323
3 333 145 171
3 441 272 85
3 286 161 343
3 197 9 62
3 252 380 37
3 300 146 84
3 12 383 335
3 14 377 228
3 299 259 291
3 454 468 338
3 421 46 118
3 330 295 169
3 315 144 265
3 17 52 126
3 492 311 183
3 154 120 83
3 414 108 246
3 212 141 75
3 189 371 87
3 301 472 296
3 182 376 137
3 73 192 281
3 410 298 241
3 495 175 96
3 72 71 316
3 484 0 243
3 213 156 194
3 113 5 98
3 155 166 134
3 452 473 53
3 310 394 490
3 486 367 43
3 261 353 339
3 264 467 172
3 48 214 69
3 231 242 115
3 20 99 425
3 236 294 230
3 277 199 41
3 385 18 164
3 498 163 267
3 273 438 284
3 181 218 153
3 193 424 15
3 121 65 359
3 403 429 40
3 201 345 373
3 24 459 136
3 3 348 431
2 89 109
2 8 307
2 328 186
2 336 497
2 447 245
2 392 269
2 422 92
2 384 59
2 341 152
2 372 233
2 128 119
2 285 22
2 401 132
2 100 114
2 226 129
2 106 66
2 78 304
2 107 54
2 50 44
2 124 432
2 101 81
2 45 347
2 195 70
2 325 200
2 282 250
2 42 344
2 457 179
2 262 202
2 477 167
2 209 493
2 416 150
2 471 216
2 127 229
2 381 340
2 142 317
2 480 168
2 290 122
2 238 413
2 466 435
2 51 94
2 135 68
2 74 346
2 314 349
2 4 140
2 77 309
2 239 370
2 355 63
2 176 223
