4612
4 83924 35983 92513 43664
4 11880 4520 15825 3442
4 96441 91939 16482 10496
4 69120 16758 89377 62374
4 44489 73367 1175 1926
4 70268 53672 6585 29871
4 60913 24429 82551 88031
4 12724 20712 39262 23891
4 59573 1275 68005 27571
4 28701 18644 62373 13284
4 2737 76955 77638 19691
4 73548 25565 12159 42862
4 8581 90642 71268 3058
4 2701 11080 65016 76327
4 86075 26651 98432 42122
4 32775 71179 1541 77807
4 71340 4104 1535 50267
4 97652 96061 20393 10588
4 80124 74116 40440 52540
4 29753 32938 2406 94571
4 43006 84674 533 4110
4 33468 21028 68193 74650
4 76057 963 11583 97999
4 75702 27815 17529 88709
4 12308 122 6204 65745
4 79782 79144 18985 77634
4 28444 80908 38201 96935
4 58749 57925 57257 16160
4 74257 83840 29114 43406
4 16191 32734 15378 8862
4 72898 65667 89149 76136
4 2651 17284 60918 83724
4 709 72901 17780 42587
4 30732 13207 25141 24121
4 4991 36405 57542 42357
4 46375 11129 80319 67965
4 1521 37789 90826 21369
4 37718 73343 80893 4635
4 91782 60075 67829 71307
4 97871 62644 92861 40880
4 46469 96086 86058 42350
4 18793 33862 54867 31202
4 6198 15339 34738 63097
4 5549 9963 47901 85274
4 40246 25389 39517 5088
4 85021 68683 83114 63201
4 93127 71795 26341 73101
4 48633 22882 64582 20762
4 49576 34927 59195 9568
4 58215 2266 63427 71193
4 22400 14280 13341 95205
4 19459 74264 37319 1867
4 40308 63350 24783 95206
4 90317 58663 63671 90311
4 21274 57664 57121 81392
4 22734 49164 64569 38172
4 25577 69026 84108 87041
4 24692 11872 98393 257
4 43671 99400 72440 76924
4 59010 3379 85954 62077
4 92795 5842 66833 29686
4 75931 82855 72048 58909
4 72872 30951 82760 76829
4 76681 79965 76075 19019
4 33174 17513 84416 28429
4 82567 50035 32021 80884
4 79872 63593 22906 18845
4 39489 655 41931 13517
4 80154 36489 95077 20446
4 92496 73546 72239 18732
4 59368 63318 58021 50885
4 38686 57418 63158 17562
4 66830 83244 95884 90526
4 61518 93166 56282 57259
4 47400 45717 76540 19569
4 68161 41952 7752 78914
4 46538 5971 21775 43142
4 8515 39898 2356 86345
4 2515 38760 996 14711
4 58180 6356 67865 85508
4 4538 12757 63172 29447
4 86895 83972 47373 13527
4 79007 28052 66333 36544
4 89175 44439 70297 25570
4 81008 91565 87799 67892
4 22064 30870 60138 92961
4 96970 50678 56576 29437
4 50398 79886 10283 10073
4 23007 72969 16908 57169
4 16522 42650 35544 21206
4 67082 59815 57128 54600
4 34750 28523 4107 19284
4 27147 89463 57185 48420
4 54579 13176 2413 66259
4 12698 22197 51216 20971
4 75651 20952 95813 39575
4 38266 46092 93827 28300
4 5739 17911 95656 83606
4 84952 65611 29870 34348
4 23728 72570 54337 60678
4 16861 95250 55967 52090
4 11616 94661 99215 41166
4 37710 36192 64790 97088
4 90965 97003 64095 773
4 90506 81108 49595 32559
4 5329 50099 45919 65995
4 78114 20061 73595 58934
4 57717 37753 84470 14240
4 12845 48055 45633 67059
4 59356 72008 73182 89808
4 73314 96921 4876 30461
4 90934 25825 94721 22637
4 16247 87647 95257 57427
4 13649 35173 83959 92813
4 78954 53067 98386 12623
4 12829 93039 55082 7706
4 15916 91339 56776 71391
4 2951 81249 70147 90138
4 51756 78970 29852 31532
4 47346 88287 44669 78138
4 87087 83903 55032 56578
4 98156 92133 80395 62060
4 55193 90119 2058 34851
4 69304 78394 6027 94123
4 76247 57861 40314 13474
4 37510 59445 97131 15538
4 82387 11781 94907 3395
4 50374 86441 94218 29426
4 14874 14479 38347 51256
4 11171 37986 53679 18928
4 40261 24332 19939 94350
4 59436 34463 97100 19827
4 37871 27040 88918 55773
4 76081 47991 98513 47037
4 88731 65700 32148 37747
4 4419 7123 1219 74758
4 60304 49945 83004 36296
4 77474 67175 88193 56277
4 97685 63829 51841 52792
4 13812 95349 44015 80304
4 27875 77455 15575 86335
4 29369 63504 18769 36750
4 50985 88380 56801 30306
4 9649 11594 93149 19210
4 27738 48432 50921 31158
4 42529 84121 30734 26246
4 38426 93789 41260 11087
4 78299 58468 12463 85592
4 63327 86800 72707 21085
4 60141 49807 96311 92586
4 19753 46531 159 87062
4 66189 67340 29978 35683
4 92335 25535 2393 21921
4 9874 34412 27373 98352
4 25907 3507 67067 35463
4 40247 34720 31905 29174
4 99979 58774 73287 95011
4 92458 88769 66564 27643
4 9805 80728 36014 99813
4 11440 1852 55682 64022
4 95953 32029 20994 95490
4 88882 28296 41239 34523
4 64732 78568 63564 88615
4 41160 43352 99053 72144
4 16831 30973 7943 17214
4 32023 87238 30468 69502
4 82546 66408 25558 57732
4 17113 44418 62779 28354
4 19276 60401 76665 9806
4 17285 87107 49304 35727
4 10185 50929 47778 47968
4 71238 90987 50719 59803
4 4596 59189 90737 99432
4 96641 28229 95818 64330
4 98827 80783 78268 7223
4 86882 31758 43642 9341
4 26570 68054 60559 38762
4 91943 89155 22673 62428
4 52104 5624 78780 59730
4 25842 1587 59338 54407
4 1703 83760 56699 57756
4 8383 64688 53731 79738
4 56078 70493 13309 39174
4 49034 547 3428 68546
4 50146 91065 85996 34716
4 76890 57897 83693 93207
4 16939 98054 82352 7162
4 65494 71355 66657 48108
4 35795 63885 55883 69483
4 56885 12376 68258 86536
4 43295 81013 59003 50183
4 50591 45912 14979 10394
4 7670 11503 29541 9106
4 33401 40617 65778 46936
4 3586 62369 17718 21920
4 46851 8836 37313 55577
4 21952 18925 79639 65966
4 60424 24872 99198 7647
4 70060 50071 45994 56440
4 38233 8991 81257 56840
4 32421 73340 46525 91603
4 88663 8351 27051 35026
4 1493 1357 5133 5483
4 27138 77718 82440 44672
4 60765 38873 77057 81456
4 94911 69053 75554 86848
4 81327 97286 87614 13584
4 66086 39738 27094 26195
4 48814 71199 86203 43422
4 57416 54939 10357 89021
4 2804 66128 36346 2490
4 44473 11507 35105 58111
4 62152 94904 4779 67702
4 49048 43378 19786 33759
4 41057 59104 37146 34915
4 65788 10513 38805 55258
4 18704 79855 77724 86171
4 87720 64374 36693 19866
4 1063 82831 91230 50306
4 9163 1084 36671 40342
4 34648 7247 81476 62637
4 2678 42721 4376 34792
4 49351 49780 76069 48116
4 43683 69163 82930 42973
4 96391 57638 46114 3474
4 44288 51641 18239 46797
4 85515 97495 48282 1278
4 65504 65551 58081 64120
4 87718 23910 49929 88609
4 86659 24269 72981 41664
4 13970 65023 23472 73902
4 58443 18897 60987 3885
4 15953 23629 20360 78738
4 80321 2497 717 56365
4 4609 78171 68093 1610
4 68439 12397 87236 15413
4 13320 96544 2199 96823
4 40236 91277 56214 92307
4 69914 31555 38850 56384
4 58837 59107 16345 49723
4 23549 65605 5303 20438
4 54877 75454 98584 19571
4 67509 70435 51058 61891
4 19037 10263 47271 28226
4 44844 7984 50221 77588
4 19736 54404 12243 35311
4 98082 25344 45680 47902
4 8306 47070 72640 11071
4 24082 68398 57731 25855
4 48024 33937 51610 44778
4 77490 45480 73386 53190
4 35728 81087 89987 18111
4 3910 51006 76909 74803
4 73413 9175 1135 74927
4 66384 52621 75369 46044
4 85824 14230 39668 44433
4 48433 80211 1645 23181
4 25491 49117 98188 60808
4 18622 87338 91451 21924
4 78001 429 36168 52469
4 8745 13646 82027 35460
4 72468 81260 49374 68852
4 58259 38577 3974 99832
4 68289 58745 4439 59905
4 71042 67403 34035 51192
4 51401 27248 42597 23768
4 97631 340 93145 44749
4 94872 47055 93037 17008
4 19864 68608 43153 67698
4 51013 81408 42237 4035
4 27053 7343 18390 1448
4 54914 83439 82694 61480
4 55483 95941 7680 51357
4 50957 81616 50104 27126
4 32190 38531 47180 25823
4 22087 67808 41726 31848
4 80875 86078 89172 89999
4 28989 26159 71331 27127
4 24345 53912 89266 78731
4 99386 26330 35184 95196
4 74585 70088 99581 38196
4 94813 48081 91010 55378
4 37733 43425 67979 47817
4 17892 40580 14594 77778
4 75136 56937 62553 92664
4 26757 25041 47840 33042
4 62271 27918 97191 93411
4 93846 81324 72844 3019
4 9976 78423 6872 75710
4 44760 95102 87006 68928
4 58793 34374 29388 35321
4 60600 8353 87225 48574
4 90843 43159 77192 61153
4 89268 93060 93915 71765
4 13008 94009 49088 79865
4 8186 9835 21609 53890
4 6400 94706 78419 9178
4 45483 31012 31612 92064
4 62720 65225 5291 22427
4 52783 72389 75670 31286
4 21532 39935 56746 86127
4 16407 9822 44321 23639
4 88222 41184 15261 66392
4 34027 53715 14238 41021
4 11037 16972 94542 65126
4 96604 98824 9090 26287
4 58582 62180 96975 40499
4 58331 99864 77396 81665
4 62272 49216 86116 33880
4 86096 90576 25608 48660
4 97895 44132 59624 11546
4 48052 34074 70791 37791
4 37697 71845 50046 81465
4 81315 81151 66073 93610
4 51729 680 55926 91008
4 19801 89889 71873 54868
4 51990 87991 84519 72586
4 52025 1019 70176 70815
4 65488 68512 16215 92143
4 17601 45553 98227 28917
4 66849 57519 28021 28618
4 44724 33137 37745 17467
4 16925 78484 69260 30472
4 36400 25854 95321 2738
4 53292 37909 62826 77964
4 6737 83616 13835 93112
4 39065 70324 79732 29002
4 13103 9651 76604 395
4 13039 32577 98873 30307
4 47586 40627 44563 30402
4 91658 20614 77673 78717
4 89989 12830 54948 72505
4 78579 49168 64832 80163
4 80894 38459 37508 15935
4 35243 9604 53477 10706
4 61154 50172 31872 7736
4 15012 30651 30260 96003
4 35664 76230 78286 9306
4 25955 68236 75035 78467
4 8705 55128 84563 81605
4 14983 18453 54144 8111
4 7539 59021 2217 31212
4 62215 25192 29063 66869
4 12726 96528 32110 92600
4 86204 7481 48593 79831
4 32392 23769 95745 20142
4 26214 36964 14195 10025
4 5423 40534 14092 7059
4 57665 7785 95877 49220
4 60035 63028 14696 24915
4 83828 72755 72980 10825
4 5736 35037 12797 98731
4 72108 13590 50765 71722
4 33249 82245 91558 31698
4 65552 63103 29390 96552
4 67762 92877 45044 9783
4 5543 3992 29480 12222
4 65500 96106 18449 38387
4 8420 19751 14106 29909
4 60672 21343 24425 82159
4 73705 99966 26272 57203
4 98334 15942 26054 81754
4 30770 43798 17424 86234
4 4213 26434 52878 91342
4 58004 80139 1143 22574
4 74272 27141 60183 2606
4 41384 10172 85809 2502
4 84860 34402 56717 53283
4 55005 70928 30527 22159
4 31160 77668 77273 62769
4 2169 23718 51877 91640
4 91455 57557 67850 20902
4 49465 80014 88817 34804
4 74510 97942 66109 97474
4 32468 87358 83569 58986
4 37944 57883 76037 9718
4 68126 49603 21195 78813
4 28104 73544 14052 15382
4 17932 63477 58587 29581
4 1463 32986 43011 81799
4 2655 414 10008 9593
4 45381 86452 51208 88549
4 28491 70745 37770 77826
4 31435 62293 43882 8097
4 16931 75320 7165 60451
4 10514 47590 60088 4642
4 39461 84003 45345 75451
4 6480 26848 77719 40958
4 58521 99231 22090 65653
4 76844 43397 43121 16627
4 32980 51456 40425 21215
4 86571 88990 11435 18807
4 36260 88091 71423 80698
4 71752 10918 65343 51341
4 14204 49643 48019 38299
4 70062 99985 39807 84912
4 71686 94484 39973 1820
4 40152 8057 79291 73948
4 13042 72059 19790 64884
4 11856 37921 7009 86863
4 47559 64112 44485 77884
4 70070 79811 16267 10940
4 3579 34216 54566 78300
4 62423 77587 82924 88356
4 11493 30498 36106 29158
4 3459 57437 79296 80060
4 66271 40066 93064 78254
4 9977 48616 49053 26259
4 99551 70090 1027 36561
4 70008 29719 32553 44913
4 35690 12016 89660 68164
4 65036 79901 60149 27381
4 64042 74670 82562 11978
4 64021 59578 89482 34880
4 39644 11138 36415 55039
4 91883 29667 71079 98463
4 22550 50889 35407 63975
4 69989 82493 75107 39520
4 26602 68984 38690 60602
4 83620 29413 42182 41828
4 40955 16304 65030 53692
4 70277 13231 38513 88158
4 7741 47753 58897 3756
4 48561 48974 93419 7674
4 74677 38785 32552 93506
4 54470 73272 15070 57904
4 86952 87011 36100 47026
4 52586 75833 72807 7359
4 15015 16090 3517 20242
4 95242 40389 40588 98131
4 84661 75662 11472 62040
4 3933 6927 78608 59991
4 63932 8450 52644 21248
4 53666 46153 23814 29072
4 45093 21133 70964 82852
4 25646 96237 14768 94526
4 63544 45500 94730 38224
4 68675 51056 52247 50305
4 87760 8637 86185 44056
4 2371 23915 43533 13234
4 71801 73084 21650 64503
4 8092 44495 2720 23057
4 27004 45207 82153 52230
4 55850 59153 51876 80610
4 32919 80359 61244 90615
4 66999 73843 4564 22808
4 38215 25583 18077 19849
4 73607 65895 2317 34268
4 81722 53178 56651 42456
4 33666 14558 72237 36098
4 56153 23368 36898 43809
4 99208 26783 90926 14160
4 67945 62380 8559 77220
4 27709 12950 36953 68914
4 9681 57577 91304 97050
4 42272 1712 77912 43547
4 65128 14886 4733 57583
4 73401 20382 25967 80583
4 33740 73809 21175 51820
4 85217 15489 61120 40646
4 99364 44195 6989 68979
4 37439 42602 8215 15058
4 53508 14292 93953 43519
4 47988 73842 87224 56493
4 73254 58844 21033 48190
4 22613 51404 48220 98349
4 66983 48984 61543 57929
4 20120 98290 78647 59930
4 899 7336 84916 18555
4 93968 3567 62399 36237
4 79402 91174 81760 5711
4 79990 42289 38730 34728
4 50729 98250 30199 55352
4 59691 26061 74135 61328
4 66719 74948 92148 56970
4 39534 51865 56695 90931
4 27334 10559 92410 11603
4 75515 45910 40193 16419
4 6851 63538 30296 75388
4 39030 16593 29613 61297
4 96955 81514 15011 27099
4 98603 55934 72604 13480
4 33957 47290 24706 7429
4 51301 9068 59349 42511
4 94315 56354 48641 45322
4 45165 37610 2469 88543
4 10178 90346 18858 97916
4 45282 5057 68729 69678
4 35976 73614 2141 39620
4 24993 21396 60874 46407
4 63898 20646 41362 34759
4 93128 14462 70647 91320
4 40371 27761 69562 66587
4 61273 12620 77393 9851
4 94432 87617 17789 86992
4 76477 30135 71509 19403
4 39178 96016 77352 77976
4 62062 62834 37370 63143
4 51615 83913 23918 9018
4 76811 8765 64519 93554
4 17512 19356 11956 57198
4 4113 73837 28606 49364
4 24042 49587 10771 38179
4 40600 65147 65867 94452
4 22401 60855 93751 60487
4 6049 98486 27762 1401
4 97575 29808 15956 95059
4 66901 46893 87529 70075
4 90771 42244 99994 18072
4 4182 7473 87235 26017
4 31983 22289 49165 75070
4 93006 92477 64076 78119
4 37015 9458 42233 74458
4 58383 35288 75275 56845
4 35527 48979 29791 55972
4 88037 62461 64171 32767
4 91548 74053 45774 95190
4 41434 4603 22971 57310
4 32483 20403 40431 17527
4 6222 22686 46404 54633
4 91351 77422 12719 24822
4 47731 76959 77184 720
4 1642 94693 55661 868
4 7292 48599 88971 12091
4 21106 24223 39460 30701
4 17866 95518 54072 2754
4 37249 32006 41554 77779
4 64256 75335 72338 74019
4 89356 99117 62672 88073
4 14449 88124 36626 65586
4 48095 71680 44917 13164
4 70843 38165 30156 13275
4 82670 1656 11064 8797
4 5965 56304 7089 84643
4 74629 16879 8518 18839
4 39806 3463 58595 70275
4 2555 62598 98681 25419
4 63294 39797 6315 8939
4 10433 60314 74397 81184
4 84321 3831 17737 88294
4 52276 85226 98280 90155
4 7112 23940 18657 34783
4 78615 19014 32477 46394
4 68594 12475 56458 57269
4 93426 71362 82152 88721
4 85509 6 96439 47071
4 65289 13893 39150 14379
4 81283 89623 58651 5558
4 84762 4217 63540 5524
4 59882 82394 67461 38199
4 38602 85348 38485 71870
4 95062 40340 61084 62924
4 54468 36247 28570 34984
4 2359 89188 71206 65326
4 69840 19162 23842 29286
4 36333 6962 98241 16910
4 45832 95377 89700 61416
4 94543 55269 12090 30790
4 46695 61789 74140 81172
4 41996 27527 81335 96137
4 90776 57866 10835 76815
4 4347 51095 38745 12479
4 43868 97497 44443 97905
4 14007 79456 11117 58672
4 74503 89505 99303 94024
4 57460 54534 32890 11204
4 76282 36886 73568 83940
4 19870 29295 69354 11763
4 54245 13709 31106 8890
4 39915 14516 8629 82356
4 32032 59938 66368 73759
4 79486 76466 89205 31688
4 85950 89936 30075 32247
4 152 60556 52517 20045
4 84490 11548 77800 61569
4 99331 49918 35818 58834
4 99957 11297 48888 35179
4 98653 55493 21157 77104
4 99153 57026 453 46868
4 25382 70657 3187 44773
4 41513 24372 56951 21321
4 80493 11531 69189 14737
4 54637 89197 64292 52364
4 22834 89613 55950 5278
4 74616 13308 91623 81935
4 3401 23837 4163 82021
4 45290 88479 30327 80496
4 35518 90897 62963 59667
4 33072 76776 93277 87964
4 24380 95141 69102 55484
4 90967 12595 64211 28460
4 4826 35815 12529 7631
4 66618 55726 92984 34903
4 95588 90940 30478 88581
4 5748 90801 331 37402
4 77618 59563 70899 80445
4 99062 27523 75834 87948
4 752 92293 25674 39593
4 85016 24534 41695 4537
4 99805 99128 44293 4283
4 11159 58640 31041 8187
4 79655 61269 67100 82279
4 55984 2897 34050 67860
4 63283 34222 5395 10816
4 57744 57230 81692 2397
4 38550 92353 85865 18663
4 80330 9201 23024 55718
4 6607 87596 88979 52275
4 23381 7612 46672 75655
4 18212 40695 40375 12855
4 88457 33212 21236 56958
4 70955 87408 21984 40033
4 51806 19574 90700 40209
4 48101 43492 44935 83453
4 46523 81152 35938 65043
4 94627 44884 42318 9971
4 25537 77601 3426 98574
4 98289 55046 34661 66070
4 13108 72859 96718 22651
4 19165 90532 13620 98312
4 20422 44824 10900 55059
4 79695 31486 25641 99621
4 50092 26142 211 65861
4 83397 16465 85632 50734
4 59535 98415 70870 18438
4 29222 45715 79720 21725
4 50358 62654 77277 21194
4 40626 24255 17418 37896
4 76689 48177 70809 13935
4 86298 14308 66088 99394
4 83608 65201 62548 98012
4 76812 46652 83965 16837
4 96279 48812 73493 77134
4 41113 38556 16575 66043
4 76527 7249 2220 48966
4 73160 7067 74564 52238
4 91938 96122 2064 26411
4 75060 86613 75408 67101
4 76397 34143 23870 96812
4 23298 40111 54200 38867
4 8777 47451 32128 71899
4 90333 88518 32689 30486
4 3558 8019 66468 8406
4 83559 3243 13118 96961
4 81215 45850 54347 33455
4 8970 82243 60455 38352
4 10426 13775 74699 95909
4 81818 87582 11908 26281
4 46714 48128 27696 96000
4 77854 23479 17929 79034
4 98709 7499 56312 17672
4 81336 15397 3448 50553
4 94357 85483 32174 51840
4 40652 4103 42006 49274
4 94127 80107 10335 20888
4 51800 22146 43105 91991
4 99540 28890 40699 92254
4 72984 46015 47127 57408
4 41864 67871 14455 27924
4 64185 16951 3122 67153
4 49488 78826 14698 56397
4 49087 34843 95683 99422
4 25982 95778 93441 57105
4 86775 86507 45377 84283
4 24466 11510 77313 44782
4 27646 19146 77191 47591
4 24653 18071 46588 17221
4 59442 20930 67614 94718
4 33516 32816 29381 72251
4 71661 58206 82780 53819
4 89024 89409 35072 87696
4 99203 95273 14131 90354
4 23326 85681 54230 36883
4 74517 48855 26666 7041
4 76530 41843 83333 61057
4 920 87772 10779 55176
4 48742 94812 80209 86131
4 43864 74771 13452 44401
4 2002 12249 44162 25317
4 38456 19974 33996 24955
4 77500 92345 5309 27887
4 15286 78964 70021 23969
4 81433 89125 27388 7532
4 79801 6292 94807 49839
4 76349 49253 88149 36694
4 54793 40697 17460 33393
4 18143 6790 25889 79030
4 97220 46231 4088 45823
4 24642 23603 91134 75154
4 7778 11997 53509 80743
4 44836 69452 24507 41173
4 76213 78246 77391 58684
4 97810 22977 95784 53175
4 60418 42389 78245 19036
4 44419 57218 92052 34790
4 66116 41174 76219 90714
4 33983 47687 29012 42294
4 72828 76739 17438 86993
4 57704 83224 9369 59272
4 97752 31739 5834 1815
4 48631 35230 84723 96355
4 48539 12952 7743 95563
4 30033 94395 77250 78747
4 75736 86821 3839 55023
4 29406 17 15001 11027
4 50822 71192 62982 27327
4 9697 39412 78471 61468
4 47702 19730 71768 46518
4 74619 87464 2230 74998
4 79948 53703 3945 21289
4 17616 72210 5514 30024
4 68187 10136 50952 25096
4 10911 73298 16161 8254
4 30019 98945 48685 13203
4 32422 78597 6297 44698
4 43299 50467 81995 21490
4 29831 67794 44609 88729
4 83783 79846 58351 13110
4 5168 58775 24735 53145
4 50497 44719 46675 26805
4 80398 8025 42820 86616
4 50281 5778 85182 83315
4 495 89604 59683 61930
4 20699 80507 97980 37996
4 21647 68969 3719 91096
4 84155 17717 20080 52957
4 95680 38573 67245 23392
4 91807 12764 14861 88478
4 29091 50697 64712 90261
4 81779 82815 45718 92382
4 28602 10354 77597 69175
4 84393 23587 79715 69117
4 9160 9716 82641 62094
4 37340 44687 8208 40479
4 62933 65965 99643 3030
4 23733 2004 30985 38628
4 64515 18165 82704 71906
4 48879 17105 59858 22104
4 78073 76298 50089 87036
4 492 79856 87631 73730
4 34606 93649 43557 9952
4 47567 96735 86351 39654
4 92235 8827 75912 12149
4 88621 68246 66304 39365
4 26708 95658 31841 82100
4 86603 11155 47973 82196
4 71495 19577 43465 69223
4 51343 66736 57822 52639
4 26664 98037 10710 80238
4 43873 33725 71897 24341
4 46972 18097 57104 31252
4 81154 35705 49120 91275
4 79532 5050 78187 91568
4 16213 88051 72135 35244
4 82736 90510 17699 46185
4 85800 980 36320 96854
4 2012 82422 75094 76794
4 18304 40669 65674 72340
4 51690 48887 182 10609
4 86035 51183 61942 90070
4 73350 47204 95669 14142
4 10106 33865 4909 3423
4 49993 29898 84670 90643
4 56590 37471 97110 6714
4 78190 8310 71256 15853
4 938 94796 94647 36815
4 11554 16271 59276 29123
4 59249 73241 69560 82712
4 20877 78007 91354 68386
4 52098 72817 31834 15879
4 96356 47416 31235 58314
4 97350 55692 37526 89128
4 55120 33282 20978 12940
4 87461 7126 55578 49417
4 52258 96066 936 20306
4 28113 19138 28931 28533
4 23880 81164 68293 69427
4 28442 86144 22436 16493
4 61074 82343 65920 74461
4 78543 94192 21301 27795
4 43418 75804 92323 71524
4 65228 31633 84879 48983
4 65959 51746 34083 86729
4 46316 52908 30563 93753
4 64142 49528 82232 35044
4 68817 87052 52704 35821
4 93680 57242 1909 92301
4 71684 53931 36105 83191
4 94055 32300 84264 93959
4 7464 12150 55439 47954
4 37531 5412 65247 23060
4 23726 17462 46414 64654
4 27906 24721 4093 25734
4 38503 5735 25139 22561
4 45444 31860 40228 54921
4 35054 77748 39410 78407
4 29405 58227 54001 27479
4 46346 22365 93215 84385
4 77464 95866 83869 98001
4 62014 26472 4799 52237
4 10908 5009 48625 26701
4 69865 71715 37393 77183
4 82260 73666 4710 17502
4 69291 21217 54236 31056
4 20924 51040 97530 87044
4 66038 60479 1017 85518
4 57038 62487 72313 36759
4 48360 54343 12399 16833
4 50863 39697 69848 21641
4 8240 90514 82315 89520
4 3617 70959 40988 96595
4 56321 19293 19215 69876
4 93952 9801 28935 17959
4 11687 79756 29060 86140
4 72893 64916 64189 19830
4 35172 25507 65859 28221
4 91861 70119 33161 96960
4 71051 41094 6859 17545
4 15580 77115 48398 63910
4 69193 8276 98960 44768
4 74526 94005 15186 75984
4 38859 26029 75287 40593
4 83006 56077 455 78281
4 78345 88401 6220 79322
4 23180 69162 85737 80336
4 32431 72449 43985 95465
4 79462 96928 88800 54335
4 74293 56309 52423 35545
4 45732 28708 32762 1796
4 43739 76983 50363 95674
4 28108 68167 92645 1979
4 80178 31507 49948 26672
4 25010 77286 19670 74073
4 34554 19982 9067 37122
4 39680 57853 39473 34737
4 27347 95247 24384 71851
4 86639 79906 79401 55573
4 62021 35505 95612 74536
4 75703 25021 24555 90092
4 66694 32904 53992 24733
4 40860 72845 59378 68731
4 8611 16035 17671 13899
4 59246 48885 92399 82547
4 9192 25434 51651 24094
4 50838 35301 4501 66972
4 20935 95761 51467 40480
4 58365 65122 59513 95486
4 65475 42184 17104 21708
4 44646 9399 36885 71683
4 68695 4987 87380 9012
4 60364 13152 25342 95911
4 95606 16102 27093 89663
4 12055 80641 67818 32137
4 14309 16619 93878 93880
4 22504 87102 75643 23468
4 75987 9828 87944 80296
4 78798 31201 71835 6181
4 46812 88397 11429 16649
4 55300 78041 6282 10916
4 75010 93243 93392 75250
4 34982 77637 32821 71049
4 58223 34647 499 11426
4 40197 84202 71736 70432
4 85192 57391 69906 96184
4 63405 22794 25358 25387
4 21753 61367 91382 9839
4 3123 75993 38789 37495
4 90220 3615 78160 17777
4 52002 24309 5491 30639
4 91712 1853 2075 70050
4 4010 49399 75867 17259
4 21227 96760 77962 72271
4 88814 60398 2525 66416
4 10505 79042 61577 78601
4 78617 50198 36004 55533
4 95769 79688 21140 29839
4 32569 85351 216 89586
4 67019 58403 7687 48780
4 90235 95951 67212 52331
4 35190 34446 49199 15040
4 23026 2140 22446 44605
4 44679 54784 15463 93129
4 99883 58503 91433 13541
4 2508 60845 31154 88807
4 94145 94103 20966 45274
4 32923 38822 16273 54751
4 92467 43170 27180 17154
4 18706 50551 99531 26309
4 89504 10891 80589 48538
4 80566 25217 59827 47955
4 70667 52879 34919 79926
4 16894 64341 21223 13455
4 51163 78148 13012 30361
4 2323 4770 98514 13331
4 57823 40834 42337 24453
4 17395 14821 55335 75829
4 97017 92175 26106 78470
4 38581 22086 856 63651
4 33457 83937 11370 75078
4 12682 16790 84204 989
4 32828 11941 98149 53673
4 81720 79230 76029 57192
4 4375 67472 8506 92883
4 82347 9510 64352 26053
4 19180 25690 48370 19996
4 6155 53208 43479 96402
4 47384 69851 67628 64598
4 25338 82288 32348 83894
4 3805 73821 81157 23588
4 4732 10060 79999 61027
4 26221 26695 49679 30841
4 40876 85241 62911 30242
4 72581 74996 34230 61582
4 79038 58154 40043 49616
4 25828 60013 53352 30007
4 51177 98183 62767 78493
4 98348 25740 37279 78165
4 56497 71791 76882 20202
4 64117 96994 32325 84145
4 94091 52190 79130 89608
4 11938 27945 9836 84571
4 18469 92581 36807 63235
4 5274 49385 16698 91691
4 28089 94975 64776 31985
4 55247 17375 26503 55701
4 82130 17588 63523 86742
4 90048 84105 30341 52632
4 90023 4345 90489 61500
4 45317 96875 71182 95802
4 49243 21116 56630 49055
4 26968 7940 89635 22092
4 20908 27116 7195 49849
4 46807 95263 42431 37155
4 13490 87665 39293 44298
4 258 53847 66904 4650
4 65310 80415 41797 31048
4 33536 99601 4060 11335
4 66899 32497 15150 50986
4 74975 52839 9551 72111
4 8734 88295 29629 45643
4 73883 15683 73825 25604
4 57116 18064 4302 20982
4 83177 47623 94311 39730
4 61327 96766 41703 52566
4 36538 78924 61133 61225
4 22154 40622 14633 69061
4 1408 46825 62687 97227
4 84817 88938 84757 33050
4 96067 45703 43640 13005
4 66154 54276 91715 79975
4 4937 70269 10442 63019
4 11975 58459 3228 86433
4 37423 59811 84476 32452
4 36421 55357 63015 3613
4 5194 48669 80845 79646
4 80463 20137 22643 77853
4 23748 93487 7014 56932
4 13994 7535 77200 82008
4 32119 72092 26422 46507
4 40465 10873 61048 83896
4 97375 60591 64753 70488
4 32328 15848 64109 68994
4 88625 27981 11766 46095
4 63627 65137 45269 46934
4 27818 66298 95152 12570
4 30352 81932 79447 64628
4 76070 86253 38118 16027
4 51274 97374 18967 75542
4 6245 88534 56090 19361
4 23931 41765 21995 92295
4 50201 77706 41274 46033
4 96012 95115 5286 47057
4 11258 48430 25722 27067
4 9559 24688 61228 44159
4 88810 11344 34961 4735
4 59553 3828 62006 49705
4 43571 16624 52909 57523
4 9084 97224 96723 44951
4 55514 93684 99741 75805
4 27259 23196 16799 90847
4 90397 47946 74481 7488
4 39404 48385 93767 21653
4 73789 78756 55876 9634
4 48310 5374 58406 27422
4 12550 51850 13441 99962
4 74154 62308 89187 79974
4 85140 4023 7783 3703
4 90654 1411 45315 91452
4 90711 92899 33013 41423
4 368 36311 95766 77797
4 68549 49490 47187 99376
4 19189 11116 24634 54350
4 73740 85395 27908 70439
4 66222 20072 76733 78613
4 61793 53547 13131 54414
4 69714 86586 9282 89351
4 33324 23578 94610 97147
4 97668 84608 10486 29611
4 76416 77269 87995 72488
4 6693 15573 94207 24856
4 90424 52690 94862 3284
4 67727 87458 67465 31189
4 33199 71204 76695 84481
4 61429 91466 77278 67841
4 56478 18322 79305 70695
4 49974 91163 42880 61374
4 54745 60996 3538 39856
4 95158 28599 82532 31998
4 86495 48476 44741 14047
4 27158 11790 6071 79425
4 25920 98028 39577 11369
4 53604 80265 7110 63163
4 6202 56770 20534 93639
4 17483 62664 1544 17595
4 50723 95180 10257 54073
4 17628 22350 56529 47322
4 41205 42708 32152 53234
4 10299 46217 80914 13501
4 14923 78408 90310 27153
4 21041 55983 64480 99418
4 84094 72780 10641 31319
4 10398 79022 6838 47548
4 68116 90150 60686 18676
4 49301 8875 24763 50207
4 99382 57333 84592 58882
4 47971 20833 19416 75904
4 95445 21448 27975 71460
4 8224 95259 42821 61011
4 58513 48449 89 46103
4 94257 16167 17444 52310
4 40394 2772 42238 95929
4 77622 83648 76063 42115
4 40146 17173 2576 92121
4 18302 46466 43505 22324
4 23109 30588 11163 89204
4 65742 10157 10264 19123
4 30298 16159 20589 44079
4 92370 54439 69881 10016
4 43284 29625 59266 96317
4 6636 32608 29399 74382
4 40420 87477 82598 97066
4 47227 49670 53919 25993
4 335 47516 883 65389
4 5171 97490 57484 14746
4 67643 6608 53079 42393
4 75295 28095 14125 98151
4 5013 78176 9778 59855
4 84478 20131 5381 6653
4 40973 80126 84621 59269
4 25357 81409 5645 24893
4 95729 59434 28285 13030
4 11730 24344 20116 55462
4 88741 613 91430 23004
4 26064 70593 24062 61115
4 38141 40006 79088 23384
4 50845 56968 99905 94952
4 71783 27743 42323 58588
4 36263 35106 39513 17570
4 22923 65451 73302 36027
4 89374 98330 91774 84415
4 44184 34519 52373 88197
4 79090 36199 88928 14265
4 24290 67132 74157 97908
4 69566 53423 23824 62543
4 94340 13473 7191 50585
4 75810 52259 56668 88988
4 72266 15876 10138 81730
4 28428 87469 31147 1286
4 85900 40781 54291 44448
4 2381 90044 75003 99448
4 35508 30953 98616 47232
4 98673 89852 20794 65331
4 49916 74389 33629 6560
4 76373 89597 4049 80609
4 34678 70491 52071 1033
4 46195 64923 84147 40634
4 46267 74964 4839 24258
4 78083 10551 5267 54982
4 2773 70619 2173 71151
4 76144 97974 22245 59278
4 25696 53223 11105 56622
4 43311 6192 51408 36625
4 88086 80627 43362 74957
4 39696 42109 79499 76639
4 99029 62055 68517 10266
4 39827 20176 19513 75027
4 38363 31917 8575 73088
4 61932 29615 81186 90473
4 43260 33392 47593 72768
4 71523 86166 3265 24546
4 19498 93141 40153 82479
4 82824 1473 20216 78701
4 8335 32257 90508 61275
4 77354 56784 14954 26020
4 65806 71318 42420 18903
4 11750 15971 30153 88296
4 35308 36728 23321 10569
4 79691 31148 13966 1073
4 30187 32915 44515 51936
4 82296 3632 90591 49777
4 85504 47011 88669 92405
4 55717 37346 14496 92167
4 52813 88580 5066 5417
4 8201 80462 59566 6414
4 83298 5759 49523 79495
4 63021 67040 97229 59423
4 21177 66063 12585 67215
4 81509 10103 56227 71822
4 92528 80572 29201 40491
4 61835 61822 35157 48779
4 40914 80659 35370 70947
4 15966 31776 35326 6896
4 11227 66337 50036 76462
4 64228 30926 55445 31951
4 61853 24009 15379 95276
4 30602 27731 1305 31214
4 92776 23471 73669 51459
4 83131 53112 10739 78696
4 55314 2025 33453 83446
4 17501 31679 97678 50786
4 61386 83214 48325 73980
4 65255 978 65679 7272
4 3198 24054 72343 86261
4 4949 14752 55384 7424
4 12337 10857 89348 26050
4 63408 66339 44271 44566
4 5091 46654 84253 75048
4 79792 76107 4138 36788
4 91932 32858 77514 84465
4 87226 11820 79681 17049
4 64361 95176 12343 39637
4 8781 53843 8956 33824
4 34578 68047 25052 52436
4 32196 42202 96075 87578
4 30372 1455 59128 74499
4 73458 44071 54195 55183
4 48643 54590 95763 99193
4 89241 54345 23888 16144
4 75455 26595 83324 65022
4 14767 20773 4868 70175
4 77004 78861 67878 51829
4 72711 3810 55580 16804
4 49303 84237 71599 18510
4 41979 44156 55409 82418
4 93346 68476 20223 16499
4 1049 70726 11762 25430
4 24000 92911 97635 81332
4 54116 16574 8703 28262
4 41591 74839 72182 7290
4 32117 80546 7385 85613
4 31181 40403 58376 93650
4 15867 65710 97045 24639
4 60508 64085 1447 17711
4 5828 44863 4353 66041
4 72569 13808 28805 7711
4 17179 49143 11029 68150
4 21826 85048 86990 50513
4 59030 13756 42167 77173
4 64830 4401 51330 99876
4 45785 18056 55822 90956
4 20910 41878 65865 74305
4 17682 63316 81245 44562
4 10418 9243 87307 1819
4 72738 28153 62603 21095
4 21668 66535 56496 47446
4 65693 74105 25166 79543
4 44897 52050 97298 2774
4 55422 89514 77430 18592
4 3042 61215 55198 94109
4 80373 54593 16778 78305
4 47364 24451 32227 36223
4 62838 4847 73035 4473
4 6499 15431 66421 93553
4 31748 43098 17807 32001
4 80770 21025 91326 93217
4 54532 21262 6024 25196
4 79642 36280 92665 64188
4 81979 35176 66725 67922
4 42608 66379 933 62851
4 90287 78546 12918 18729
4 44756 94944 58695 33490
4 69167 95383 96587 53775
4 62499 80172 31510 2159
4 89690 18340 30696 7235
4 10747 80186 57079 85248
4 92660 38667 17957 49694
4 20814 18984 42170 55231
4 5685 76210 73649 21993
4 16777 96098 48429 76790
4 11490 42253 78836 75161
4 18705 92692 59109 39564
4 54231 6891 31452 70640
4 17669 40369 96906 25661
4 45202 62010 61595 68674
4 97710 1783 15613 53590
4 69482 4630 44851 78110
4 58372 15244 35074 23635
4 28484 70280 51309 96209
4 38018 59708 44322 58765
4 80409 501 49733 12713
4 39907 96315 45966 68229
4 15380 74115 74121 43160
4 27692 32914 18714 86971
4 26097 58929 48673 14401
4 42841 98910 19507 85260
4 68323 80281 71450 37492
4 33286 50898 20760 74256
4 45120 43536 96745 4432
4 83209 54396 65563 45478
4 79557 49755 48251 48087
4 33686 48313 14527 31095
4 919 31136 5723 72030
4 4434 61788 55207 72660
4 98231 31179 54812 24323
4 8457 12733 81841 68216
4 89594 10064 2766 19948
4 41719 85512 7707 5275
4 64492 88138 38151 60685
4 95024 27166 39899 54090
4 51198 24649 17969 87584
4 51035 77834 28027 79511
4 52430 3183 50119 14013
4 54400 68531 84697 70920
4 27985 98662 64147 95137
4 93785 45935 83574 72930
4 65223 55276 7931 60964
4 4301 21132 98948 20849
4 69087 97896 36555 49630
4 91256 31938 71093 69524
4 53662 47525 89316 93677
4 13664 41153 93165 8013
4 7368 98036 41036 8162
4 31176 41424 89893 48320
4 50090 70043 91695 87312
4 35389 53566 60128 99486
4 47188 42287 38023 3346
4 77494 5191 91059 81063
4 24263 53503 46994 79704
4 66560 26915 42332 42468
4 75489 40343 78801 69801
4 30807 88007 61635 2639
4 5698 22985 41536 13087
4 31305 8391 99661 71487
4 98705 81755 19788 4896
4 28945 23000 10437 9837
4 10930 55930 2963 54729
4 49691 94381 51115 90993
4 73540 70812 18445 9373
4 10774 24072 45437 48907
4 81295 83273 24379 65214
3 61157 69258 94015
3 25708 96623 59679
3 71672 65094 73196
3 93335 81842 79043
3 1418 88025 1337
3 95275 28240 82651
3 49227 24517 38492
3 52138 68434 4245
3 75153 81417 62412
3 13726 20917 41557
3 916 3619 66430
3 6849 33340 82050
3 9720 26640 39925
3 66718 3453 77656
3 27695 49958 80459
3 77707 44365 29438
3 43878 38274 31019
3 1121 85944 53219
3 28402 11561 31991
3 12927 76417 78122
3 86237 75126 6376
3 51655 35411 74679
3 4677 13572 30723
3 46361 58788 6841
3 86900 48542 95243
3 26433 3271 27410
3 19547 2273 59762
3 81814 51264 87495
3 98144 17888 79026
3 82548 66394 13469
3 81025 90366 26692
3 74000 69390 12534
3 17643 50531 57336
3 31054 27270 22279
3 88565 56869 66312
3 49741 27861 96408
3 27601 4221 29209
3 19550 47072 40925
3 95495 58722 86148
3 66965 80278 90372
3 9750 85575 40545
3 64754 67994 14557
3 9548 38103 6919
3 7607 46610 4928
3 12239 17494 60201
3 14064 23682 23967
3 56671 88927 73266
3 344 81235 19187
3 10174 52341 42204
3 42789 76202 61671
3 42682 38150 74185
3 10834 51145 52358
3 71165 39560 9103
3 5051 34908 64838
3 26540 13184 14307
3 1932 88705 28559
3 46658 83908 49506
3 65186 14706 90985
3 98034 66676 51541
3 76531 94822 36469
3 72087 92914 33264
3 65191 70492 960
3 4739 44186 42419
3 17111 67298 36784
3 28816 13124 72836
3 88562 84867 73119
3 70141 29305 25585
3 14156 76514 21506
3 33544 66471 62941
3 90168 44110 35468
3 38032 64594 57831
3 6923 11431 43628
3 65046 53900 55342
3 29402 48745 75205
3 69967 20286 18715
3 58057 20195 27056
3 64948 85341 29745
3 52993 40035 32443
3 45546 95711 32811
3 82709 83414 81282
3 23836 9576 50175
3 39116 67820 57425
3 55474 34777 83950
3 14658 14829 19755
3 64750 32663 88438
3 90304 29321 71376
3 31125 29695 53485
3 83013 62331 70788
3 73590 8835 25256
3 99554 57845 29255
3 76127 36975 444
3 16410 18467 41302
3 28895 16036 45422
3 12922 46025 90740
3 83480 50246 88146
3 85498 72362 35394
3 46554 9481 40490
3 72940 25474 77252
3 71030 6722 98609
3 23742 92920 86832
3 69601 74697 71574
3 79225 94698 14433
3 13102 19473 7920
3 6495 48403 40821
3 91058 59648 96542
3 60594 14400 77405
3 92611 23778 21616
3 99855 72582 3646
3 8356 88110 98568
3 31562 94158 37342
3 41845 76332 20713
3 83634 61712 22168
3 79772 98965 16281
3 32867 98266 88766
3 44465 30663 63782
3 36398 91925 34781
3 11633 691 21502
3 43364 78865 78437
3 55754 36160 52426
3 51842 44736 59005
3 30802 6997 34866
3 86259 17659 34313
3 69377 63503 68968
3 77053 48893 1172
3 11032 80834 15928
3 40064 46455 12492
3 37345 76412 53041
3 77451 79510 20831
3 49850 35715 28831
3 47362 53513 26954
3 11801 7079 68481
3 14595 81873 29275
3 90756 23156 44898
3 74462 36718 52196
3 44991 22886 26273
3 73636 30128 11110
3 39954 48219 1868
3 58219 32207 14877
3 51226 51608 69090
3 70545 27418 65254
3 66151 39304 97875
3 67874 69863 30050
3 44981 16050 65916
3 63347 73970 21802
3 3815 41922 64977
3 19370 43289 84540
3 68513 79359 52055
3 11282 74170 6053
3 37116 68943 75007
3 25574 87111 66917
3 90983 67017 3568
3 97282 90205 89231
3 70855 89611 12458
3 67501 44028 78578
3 57812 81398 27544
3 35588 12766 70691
3 76970 93146 74051
3 83708 97239 37643
3 77454 18852 40147
3 23455 11363 72688
3 51623 42771 32020
3 68570 53906 38675
3 26961 52282 2445
3 84045 3971 75527
3 4526 62694 61180
3 67308 78324 49646
3 36722 44571 30084
3 65167 35057 19777
3 24085 83295 56615
3 75206 22722 30281
3 2128 80436 53312
3 81428 97103 67733
3 69176 93308 11536
3 33009 21291 51868
3 94289 78163 47886
3 5111 91073 10535
3 85368 88700 54212
3 88180 68373 31367
3 60868 30993 34015
3 87527 84651 85794
3 1897 4095 84463
3 33757 21037 50974
3 23182 34044 46430
3 78923 26208 13195
3 96954 63304 81318
3 8739 62248 40649
3 54552 37922 68707
3 26758 38714 76456
3 18811 78399 17345
3 42716 63457 41329
3 30311 35708 73249
3 15581 88247 83994
3 73231 54958 63220
3 52013 51650 53142
3 98201 15398 85015
3 74865 27501 27552
3 22838 20662 60777
3 54077 89073 71384
3 32516 32133 36052
3 17478 92334 72043
3 46828 53224 47216
3 35639 94333 73745
3 81683 14741 3314
3 15450 84559 90797
3 67691 19580 21655
3 81650 24592 53274
3 84505 8838 82150
3 12365 59783 47801
3 6510 59698 63933
3 93157 86367 59538
3 46537 77987 2909
3 36677 64833 85259
3 76791 79127 38619
3 25148 12193 84150
3 40301 92229 44333
3 55182 64212 95796
3 61563 69583 22053
3 37099 57611 52969
3 81988 68555 15976
3 91442 28725 14439
3 12062 68847 62895
3 55418 31432 51770
3 6485 73477 53397
3 78694 77416 18034
3 7111 98130 87973
3 28574 79126 48140
3 7739 95336 66480
3 33418 71190 68349
3 57080 38676 72985
3 55730 49764 49674
3 3661 40385 29778
3 55872 28772 98364
3 66095 63472 88666
3 64431 69531 48410
3 66160 9224 18656
3 35844 23754 6078
3 58670 80720 22830
3 91721 59007 83730
3 38658 20863 89913
3 43360 81499 85028
3 88369 5126 92570
3 98838 14243 39639
3 22764 32033 49803
3 61879 81227 44795
3 43197 14196 58614
3 95132 49245 51726
3 52814 97270 43522
3 76981 49783 84397
3 13698 20784 8533
3 45675 55430 41638
3 22979 84201 60801
3 98742 97745 12793
3 12107 14457 46465
3 24336 18905 41953
3 95932 58506 58996
3 49112 56379 30542
3 16255 72589 49028
3 54918 68097 92087
3 24998 15346 82527
3 81890 48585 95934
3 19796 66640 12188
3 56143 8841 56940
3 71196 82362 42836
3 4408 40195 86896
3 94118 88352 90540
3 54069 72137 55779
3 91966 21341 72774
3 9190 19737 36581
3 31999 58130 77245
3 90824 827 705
3 15057 32809 73373
3 17768 32855 14843
3 58488 53040 54333
3 21974 90256 77836
3 8482 51280 33226
3 44277 44280 22185
3 57833 29919 91683
3 82594 26916 54560
3 55076 43325 58690
3 56977 16721 35206
3 16028 45697 97479
3 54878 41432 56588
3 67206 33504 60492
3 55077 12173 8175
3 20609 9704 20013
3 71788 73332 34772
3 88553 42500 93576
3 3807 87590 7288
3 74829 25666 96642
3 37143 10805 21203
3 43164 55061 56949
3 38152 38430 27465
3 38007 86852 67471
3 38204 76738 66396
3 63753 57551 59078
3 37955 5434 29481
3 40000 43390 68538
3 76399 42992 72634
3 23852 24521 6310
3 46713 37 5796
3 84230 21747 81109
3 6147 77743 24890
3 24761 74966 57352
3 96063 60784 87339
3 19727 33422 71185
3 23380 37581 66423
3 47966 30436 18894
3 8821 60945 59052
3 1462 1456 55959
3 15624 25349 6035
3 26277 36734 74262
3 60901 46767 99219
3 41155 89607 34669
3 38473 66082 23964
3 98538 86307 36393
3 16118 988 6107
3 88693 12074 21189
3 84947 90244 30077
3 53832 82587 66692
3 34826 45791 87375
3 2295 58037 80597
3 41372 73329 56411
3 51483 66091 10905
3 85495 60361 73201
3 50311 81305 83833
3 81096 79329 13063
3 79933 76343 86377
3 38793 6862 23716
3 63534 72439 10408
3 42149 56140 15933
3 58453 25611 92000
3 40483 31403 69095
3 5167 6507 34562
3 51892 29165 50457
3 17336 98509 57678
3 28858 32178 34653
3 73193 19064 47746
3 41369 15423 39000
3 77398 41198 18625
3 60968 18548 7800
3 38 28039 97086
3 75139 8273 56911
3 41081 71950 31444
3 95188 28966 21560
3 46105 63082 54067
3 80842 57799 94529
3 45796 1980 15618
3 77036 93341 93452
3 87868 85425 14784
3 34506 40448 98247
3 98713 52007 66747
3 9686 53488 8121
3 3177 67768 7237
3 32047 88914 94377
3 52645 16724 74235
3 7689 62652 7096
3 24857 12495 7929
3 14422 45114 85600
3 85050 34610 51812
3 44979 59166 22645
3 57023 5593 20716
3 76850 77460 89648
3 75083 14325 51576
3 35634 6190 78537
3 24607 36132 9679
3 10344 13712 72247
3 74231 22749 56637
3 39158 9850 34001
3 30864 12916 47479
3 94254 4048 62446
3 48267 75123 90972
3 27976 88512 43356
3 53302 14031 1648
3 39960 71308 53019
3 73095 30654 14770
3 66031 7846 99342
3 72638 820 65524
3 89516 42471 38622
3 56927 29265 89132
3 35638 52854 53641
3 25113 81613 64538
3 23582 34090 36042
3 61372 79033 2247
3 54300 58674 2828
3 92318 16932 66585
3 41148 86088 74147
3 59142 90790 72554
3 75333 18013 79640
3 25335 28070 85361
3 66935 94437 142
3 9061 60743 79832
3 26352 86878 73186
3 46787 13020 29554
3 59481 98830 5941
3 39792 67633 15565
3 16774 5073 37320
3 1775 91700 77895
3 59449 26240 63006
3 41411 19437 55927
3 3112 52750 22577
3 41406 21742 59526
3 49091 24900 95227
3 74949 44099 76839
3 56415 19715 22760
3 55030 9424 64024
3 44387 52491 85755
3 18156 18692 66642
3 78611 5122 12084
3 59564 46427 18832
3 99571 10957 22828
3 88433 20144 50325
3 33 67483 66076
3 72775 23520 70830
3 54392 25936 19067
3 32634 67182 29247
3 50010 63849 28591
3 2274 17605 70454
3 4189 95747 91777
3 29479 69537 71565
3 43073 43331 59906
3 78637 95032 34799
3 9108 8844 30214
3 13324 49099 84871
3 25831 51344 82254
3 20782 47704 73629
3 71928 33858 25827
3 15602 94027 66354
3 96965 18646 98716
3 75177 33149 17984
3 9351 66547 72791
3 71690 82460 47537
3 58240 30409 69211
3 54062 62856 71437
3 93797 28763 7913
3 72749 15438 63862
3 14102 31348 22778
3 60068 23551 38336
3 47729 86435 70869
3 10477 2368 97907
3 67831 28682 16659
3 30313 59145 6979
3 15813 17333 81590
3 49264 25054 20344
3 42424 32126 77088
3 14929 4591 54482
3 12347 2844 5494
3 66046 98142 41939
3 20180 22702 1670
3 33945 80059 76154
3 869 5495 18583
3 24408 83857 20827
3 46690 49667 33007
3 48175 10088 73656
3 84679 60862 63149
3 53481 96770 8789
3 63794 22683 25922
3 27915 68003 1754
3 97964 58074 71579
3 55149 42544 54523
3 72487 2172 71133
3 24260 23800 23034
3 6056 29877 21416
3 94459 28159 47033
3 4902 67086 20107
3 25161 90715 48406
3 54456 78362 26879
3 24385 69164 19669
3 49041 2398 54429
3 81029 11421 38580
3 41940 70720 37347
3 1480 43394 46854
3 75255 63966 16003
3 50888 75926 772
3 74424 32594 39453
3 4599 65217 59647
3 40367 22369 96370
3 80255 13522 75207
3 13395 9330 54690
3 22377 42546 25859
3 18344 29273 61922
3 47041 6611 65751
3 97650 92249 42886
3 20812 19613 28652
3 80744 93379 36502
3 82442 53745 21621
3 16875 18464 17945
3 3096 35134 24343
3 26856 33237 31033
3 85624 80009 5604
3 98148 23266 23184
3 38438 39592 11019
3 86046 82653 80095
3 4498 39105 10245
3 83841 4577 5930
3 1081 22179 80898
3 48512 20196 68736
3 37600 87330 99815
3 88337 61231 15960
3 89243 1782 11147
3 22354 22623 37289
3 70236 98897 91773
3 86076 26635 5887
3 2156 37768 94933
3 50847 62167 40751
3 48713 48368 87137
3 7373 25856 19201
3 60212 41891 24369
3 91999 33376 12151
3 69597 90901 8846
3 66964 38788 72991
3 89277 96922 61142
3 98557 62121 36090
3 86257 71411 50262
3 84997 53743 41972
3 5637 86050 23658
3 19922 97733 77629
3 5118 43102 32605
3 47377 7864 24427
3 4589 69982 98537
3 56414 50486 58100
3 39763 41313 16505
3 48911 39169 84996
3 44254 15967 95551
3 35075 33188 62143
3 93226 85134 12391
3 36637 71825 1944
3 17199 5138 23153
3 57052 2460 53471
3 25830 8528 9775
3 14816 69784 26573
3 49140 41880 51696
3 53966 99061 900
3 56071 72692 68789
3 86771 70496 45772
3 92797 89867 78943
3 65747 11726 73222
3 5353 65510 77010
3 53737 17383 9232
3 58276 38734 75873
3 72188 75276 42192
3 60320 2236 90731
3 15403 88680 56805
3 93911 73070 83198
3 55 50381 14960
3 1398 12716 28910
3 85608 11252 38316
3 3191 91858 76535
3 88834 69549 50558
3 89544 58868 80559
3 80350 65600 27811
3 58638 17361 67310
3 92051 32926 85060
3 13205 33208 20128
3 28852 22788 80991
3 95758 71871 52964
3 69521 6765 55845
3 59324 65876 86807
3 53271 16584 26338
3 64634 60915 83757
3 28601 37729 15109
3 62160 11535 9467
3 80938 72159 57710
3 16189 56274 16756
3 50857 37624 79075
3 98136 53937 45980
3 84009 15068 67556
3 55237 72282 67184
3 59766 44553 22013
3 21339 15762 36023
3 62023 38727 23348
3 97960 73292 84261
3 82571 29606 34406
3 44112 92381 5446
3 29252 94967 93656
3 30844 70771 44105
3 65822 36628 62713
3 15910 47948 12730
3 95859 11577 62845
3 43669 12287 99395
3 58673 51734 77924
3 77689 74904 68554
3 73454 25743 47524
3 26335 89858 99106
3 67250 15309 82010
3 46131 96510 83053
3 84591 61314 13462
3 57828 18487 80454
3 66390 22212 13623
3 68504 26912 94793
3 32385 93679 42635
3 49961 88822 42068
3 82525 26682 43454
3 40848 5978 91286
3 36823 17905 84854
3 65930 86979 59392
3 6958 21620 87758
3 88246 38540 33557
3 12120 49970 74270
3 97356 73176 42534
3 45488 45579 12870
3 64418 91543 80216
3 41620 82954 20166
3 54856 45929 93974
3 25636 53815 99279
3 42180 74070 3699
3 17081 80342 33587
3 66837 33004 46022
3 39211 55287 22698
3 39069 11181 50562
3 1702 90807 88626
3 9484 94249 69832
3 39858 16015 54082
3 59483 46443 84574
3 28639 79541 77894
3 37620 54249 10547
3 57718 12670 59463
3 39299 28059 27978
3 7701 9476 57907
3 59703 44506 44607
3 22844 32007 32040
3 36373 90388 64136
3 52897 38606 1375
3 45552 43015 86514
3 79767 43722 10541
3 56332 53995 45471
3 62150 23437 94641
3 64081 97272 20318
3 89317 39450 22252
3 68277 68308 90911
3 65075 10575 60994
3 25592 85789 26860
3 92306 1106 79816
3 84391 67822 33577
3 78998 47334 56432
3 46773 16417 78511
3 10688 95907 64349
3 2060 78974 81670
3 81966 57834 18794
3 59469 58689 65035
3 74404 49805 72202
3 76858 96360 39205
3 53691 42411 24398
3 23975 92397 32935
3 11459 46680 21327
3 53795 92669 34375
3 64000 50041 36658
3 67468 65025 53400
3 27541 10202 50755
3 18994 60809 19601
3 86042 32341 80206
3 41114 52495 14062
3 89862 50623 54363
3 48161 91930 78722
3 38279 30781 54009
3 45367 20299 84162
3 15607 49411 60220
3 90782 25370 31101
3 75595 92270 96562
3 85083 75997 5292
3 79358 96628 52320
3 98668 68355 63756
3 12549 12644 60758
3 61348 36725 61427
3 25730 92253 37665
3 52044 97774 46983
3 34687 36284 37361
3 90487 7370 81601
3 36721 90056 7192
3 30141 26057 37454
3 53582 11892 77573
3 47157 32774 87098
3 74127 48191 96663
3 13387 17200 56569
3 24266 20787 25142
3 68797 34161 55024
3 15887 89163 77715
3 54781 57332 16461
3 45308 89731 13246
3 75953 27401 65789
3 86826 65676 94232
3 1856 99495 88171
3 57423 18166 71769
3 73643 40252 28766
3 39258 16807 88617
3 60389 68081 15554
3 83005 90778 99362
3 56808 48456 7802
3 19721 24774 3044
3 41949 33800 88148
3 72823 12998 18373
3 93108 20853 69079
3 64509 42291 42582
3 54020 36462 1927
3 95748 72952 13723
3 28658 75430 64665
3 14515 21432 60661
3 25447 75452 95201
3 78666 24052 89725
3 85814 88844 75929
3 21907 84666 78661
3 20706 63501 94445
3 46966 6301 345
3 70498 97250 89371
3 13400 49663 6438
3 69320 13819 33464
3 34885 63764 77784
3 18489 69977 26447
3 43293 68760 78436
3 43893 26587 35522
3 36746 56984 74947
3 45607 94754 85556
3 60882 91860 57816
3 30918 19653 33420
3 37914 25528 41474
3 6498 17521 36589
3 98555 85340 99956
3 85916 8030 90148
3 55582 96173 47841
3 73027 69144 90271
3 3230 9300 2109
3 578 87462 5176
3 44716 58415 36472
3 60025 7314 63863
3 76761 63442 9146
3 71200 28014 91540
3 39596 47219 21714
3 70181 29736 23979
3 43813 6814 61013
3 66683 99009 95600
3 26629 79119 48637
3 22282 4680 71379
3 94982 78588 89261
3 67792 84732 75247
3 79515 87686 91879
3 55599 88582 95579
3 72533 19833 84982
3 31211 21599 1450
3 77843 70330 37045
3 92908 27104 18281
3 25197 32218 519
3 18167 44779 18655
3 96773 75311 62912
3 31339 68430 4618
3 44164 83308 64438
3 42009 4697 88610
3 31597 997 16243
3 74708 55664 57114
3 62296 51292 2053
3 73008 2981 69143
3 12404 42451 4366
3 85986 60726 53625
3 16214 63334 60181
3 93076 62031 59306
3 8984 64442 38626
3 51347 16644 12026
3 20339 87259 57044
3 34479 7520 75350
3 51098 34773 53916
3 85400 33121 90832
3 92590 2726 71399
3 62632 73584 12685
3 70418 87822 91471
3 21012 36992 44513
3 65580 93805 4270
3 54095 19769 19969
3 815 52873 48437
3 47949 17332 31112
3 59152 50689 61143
3 10776 70877 50812
3 78371 60466 76865
3 11523 73742 17204
3 34467 91053 95463
3 88812 32685 87507
3 63349 11716 52391
3 62482 37120 29700
3 7871 35088 32609
3 91605 24840 7525
3 62584 81098 64167
3 66047 24411 48328
3 63854 44363 7145
3 11717 66490 9988
3 9638 51916 43319
3 93635 77272 81582
3 25944 55559 41169
3 43945 4066 17350
3 28268 14136 7693
3 99771 87710 7850
3 56027 29673 33435
3 15185 41566 98143
3 53791 34287 66530
3 88173 59888 46671
3 66513 43377 84974
3 88301 22285 97671
3 49742 65943 54555
3 87981 33116 60084
3 93950 16331 62716
3 7735 25997 43040
3 71590 89522 49721
3 49960 24036 12364
3 42940 32932 33449
3 19156 25390 202
3 51689 8665 57692
3 93747 58547 76630
3 57735 95638 40284
3 20602 52033 50116
3 44684 70465 33019
3 96657 77679 25007
3 6538 7219 87166
3 42385 47936 3578
3 212 4017 60643
3 1751 84937 47700
3 24851 89570 56756
3 54279 91783 44026
3 57320 91818 48473
3 59665 20802 58366
3 78237 15193 76534
3 665 20525 89704
3 90419 1545 56530
3 88485 41097 63806
3 21962 39613 74556
3 89034 41182 6446
3 56534 97619 69724
3 48945 30489 32564
3 80293 96658 94949
3 95592 70307 86479
3 52375 52530 99174
3 53688 87314 17506
3 14543 375 72917
3 76522 9666 16037
3 41349 63132 3913
3 73979 75305 24616
3 43699 8455 84361
3 42082 41477 22856
3 19246 58848 8277
3 78360 56446 95561
3 91914 54085 63111
3 43959 77595 15376
3 99737 57989 91550
3 47034 3728 75469
3 96220 43441 35128
3 38609 93715 92194
3 89856 99524 73185
3 66924 57495 38280
3 87138 42588 30340
3 84581 45261 5899
3 68297 7256 92503
3 96110 88119 37737
3 64051 4965 19682
3 37142 89160 85345
3 92944 43702 63803
3 93750 78040 15805
3 79211 33729 99589
3 66090 58127 17021
3 52340 62435 78969
3 17816 79318 21491
3 19145 42882 28949
3 74905 22281 96810
3 35769 58167 27378
3 42051 60061 16409
3 62270 34134 56342
3 81038 64551 52372
3 13746 67980 54895
3 11829 85011 53246
3 12632 90542 54310
3 77576 12179 26458
3 74034 3296 59881
3 10748 32049 95485
3 41019 2034 89337
3 80686 30964 1403
3 99618 17743 27619
3 18726 14035 26740
3 60820 47992 84485
3 45311 88006 16172
3 158 44538 22642
3 95121 23412 90314
3 42765 53769 56526
3 89109 53241 72306
3 82700 60014 42136
3 40568 59854 90594
3 55826 22910 70866
3 42415 65304 52689
3 22482 42686 60608
3 39757 16983 4867
3 29478 96910 43343
3 75448 31831 31512
3 35068 73107 24428
3 33553 47514 14023
3 88143 43551 43901
3 87816 53947 28638
3 39506 49391 62580
3 81054 24238 98495
3 55645 88032 38518
3 42823 62153 33879
3 27470 81829 99978
3 22901 53443 97557
3 70605 75114 76183
3 75530 72550 22458
3 46705 8557 29077
3 72519 12745 79745
3 4325 18803 52269
3 63292 43668 21679
3 81493 58318 48792
3 83866 68279 80616
3 3873 44856 85906
3 42893 5632 10218
3 35767 60362 38553
3 66606 221 7265
3 34803 15466 43609
3 75593 12020 18604
3 43429 96594 45876
3 6948 24508 79116
3 28413 89442 12381
3 83792 46571 65963
3 67642 59753 51465
3 89164 57796 14975
3 16594 42297 90180
3 54487 1150 7194
3 49033 76835 31365
3 60070 59353 2367
3 52512 51508 66887
3 13433 77984 48586
3 5206 6861 67757
3 88303 9643 14928
3 28011 99006 9444
3 40121 56254 67593
3 64359 59133 48584
3 22450 90861 85533
3 28754 67497 30855
3 96472 90827 15571
3 85381 30273 22202
3 19493 5175 42148
3 40263 91189 21392
3 83432 22969 42043
3 29737 24928 94649
3 38206 63429 77204
3 37673 95750 98039
3 59184 57567 66457
3 39420 18856 65229
3 9441 98412 95582
3 78282 85443 41012
3 44331 81434 41189
3 1058 23664 77028
3 82627 28292 74387
3 76872 10044 25440
3 57955 31356 97900
3 10399 19679 86715
3 97863 75942 36950
3 55782 65049 95494
3 37219 98072 4412
3 50856 94259 27463
3 62710 35350 8322
3 30186 366 7906
3 2007 98421 23033
3 3977 37113 80794
3 96646 69834 30181
3 22786 40844 24228
3 79419 45725 69736
3 6461 40433 41201
3 3087 43489 56275
3 14787 93571 22948
3 43200 18995 73384
3 38823 2823 6328
3 24744 80996 60728
3 84312 27445 73632
3 10807 96709 85347
3 16085 25909 25177
3 48454 13824 91711
3 41269 38071 41930
3 35150 76757 19208
3 96942 30120 37391
3 37013 49802 77871
3 31668 7749 61221
3 24185 59836 84899
3 44157 29248 7234
3 38880 55593 59802
3 55205 52708 51924
3 26052 55216 79465
3 18429 43119 1875
3 32265 57630 42695
3 98145 61625 38246
3 84345 23898 35147
3 43013 39409 2376
3 15366 9062 13672
3 76096 73149 89908
3 77227 80620 6238
3 32430 33624 51636
3 55904 42242 73661
3 94319 90622 7526
3 72290 75093 60438
3 48714 83645 86359
3 4344 20227 82834
3 4977 15527 11865
3 46949 56930 93358
3 67629 40532 61300
3 69585 82068 7166
3 16786 49836 61243
3 58241 69896 37025
3 34305 25441 67296
3 25597 21286 42364
3 53756 68955 93595
3 45273 77823 54734
3 14596 90968 24904
3 40264 98253 55853
3 23737 92029 73905
3 47634 90460 30710
3 86722 19680 98523
3 51176 85128 19278
3 47113 37741 75322
3 48402 27431 70910
3 44000 21498 96477
3 53549 70998 88575
3 91015 66334 66861
3 89759 75244 33397
3 49922 75778 85888
3 1457 86788 47640
3 98564 83130 32182
3 73361 8606 83703
3 66012 91581 20092
3 85679 79952 62455
3 86387 131 6022
3 51724 464 40638
3 31352 82308 16048
3 20514 26502 85303
3 15144 1259 33045
3 56112 36054 37965
3 49943 4378 60251
3 41968 35704 1110
3 62650 40920 4784
3 26609 18229 12941
3 8408 10406 10378
3 22487 32790 62577
3 45753 22143 84373
3 98298 49639 8325
3 5351 2493 96860
3 17772 40805 39353
3 21764 51776 5294
3 25067 40908 94695
3 32542 21500 5900
3 83400 33806 22423
3 52994 23929 37491
3 4749 46524 56894
3 25695 80162 24784
3 47915 40740 38979
3 25461 7269 8799
3 22773 59644 58832
3 67238 67597 35975
3 15728 60429 76855
3 86918 92638 92850
3 59176 72482 82468
3 42308 6492 75960
3 14068 43626 32965
3 66019 30316 29489
3 99617 63257 94466
3 80150 12638 82261
3 74111 12419 85734
3 12873 87404 11759
3 15986 58497 43593
3 64247 75744 52073
3 46858 9928 21330
3 58819 82455 63416
3 31156 23535 85003
3 21738 97699 39172
3 60309 34712 29618
3 43452 58019 62251
3 24282 64666 48535
3 34418 89693 18415
3 14098 376 9318
3 54189 59909 89424
3 96069 15579 47570
3 16239 87655 41720
3 3534 35085 66804
3 67507 76838 28233
3 62709 1948 65634
3 59982 28820 89057
3 46864 74727 11752
3 21771 54973 98344
3 72215 39141 70819
3 30237 61928 36178
3 67291 68533 97335
3 40148 3523 49896
3 7278 31126 92929
3 34344 50732 25039
3 21589 69957 19672
3 68079 18356 42641
3 67166 99312 61916
3 28000 86556 55644
3 17040 13888 49210
3 31259 95713 25061
3 75624 72677 54954
3 6522 38419 64270
3 33214 96475 26397
3 68157 71033 3268
3 63562 89792 74787
3 10161 9219 94880
3 39443 8592 76421
3 9172 83272 56923
3 70227 26072 97419
3 96533 733 22340
3 60387 29647 25773
3 98129 64819 33073
3 92008 89274 38251
3 72735 69343 61282
3 16665 77757 74577
3 7897 78890 83742
3 23761 23313 69926
3 62157 59781 48937
3 19495 42873 96430
3 73166 81067 87559
3 47245 46439 46393
3 46593 84473 7319
3 83381 49058 93471
3 72833 9038 69058
3 9743 92598 36488
3 81095 73023 74815
3 85853 88205 40989
3 24758 57452 99251
3 35798 15436 4137
3 29815 61029 43540
3 90779 9721 42565
3 14000 12815 78690
3 92666 47149 83961
3 63255 59163 94863
3 26130 11393 26146
3 663 67034 2496
3 56205 76817 60843
3 89946 37378 85376
3 11643 93784 3172
3 19520 44393 23882
3 29884 19068 46149
3 50644 77616 34659
3 21105 88495 67352
3 3901 73975 89580
3 79454 7409 87163
3 61171 72789 44139
3 2683 28016 76716
3 2777 74919 89447
3 63337 11040 22497
3 89941 37456 65843
3 42855 35515 11527
3 44349 86928 7860
3 34729 80317 70022
3 93945 45997 7523
3 5234 92212 50891
3 53853 68891 92041
3 32520 98696 698
3 37269 15754 38636
3 71172 30684 28711
3 72942 21059 89724
3 44452 10532 28676
3 70059 62593 96998
3 70511 24708 29106
3 31883 41440 5266
3 78370 79888 79434
3 11090 53004 50664
3 16504 85052 30105
3 19442 10875 25684
3 96190 30218 86572
3 71321 17086 30360
3 41625 41646 62240
3 74887 24732 50095
3 17782 57167 74420
3 59448 46629 46833
3 85928 15715 44054
3 72685 46583 45648
3 60828 37529 35512
3 57479 97080 3590
3 4145 10260 17190
3 71958 42453 3384
3 90081 15402 46712
3 50714 20898 45847
3 72642 48463 92155
3 38525 8640 38855
3 59701 71802 44762
3 91082 12692 65672
3 8441 96080 66108
3 80787 36503 8389
3 43894 65508 62782
3 65319 39263 58420
3 33107 78481 9419
3 82828 35253 85581
3 30834 32053 40949
3 14524 23415 99218
3 74933 83870 2210
3 17927 56924 12472
3 65085 16429 25403
3 54265 81228 70463
3 64460 99917 26722
3 23337 18823 26813
3 55812 43190 78166
3 16707 77070 68564
3 69907 37556 33888
3 10988 63236 97186
3 61331 69092 10797
3 69630 23422 24978
3 71283 56876 85972
3 589 29956 96078
3 74813 14481 64315
3 72693 21460 20865
3 11266 77931 14687
3 25625 15408 38830
3 79769 72644 67109
3 96335 51275 14835
3 40913 30421 13337
3 37551 52254 10695
3 88345 23985 79382
3 19226 87577 43220
3 53168 52311 42590
3 34409 60687 45532
3 86606 43964 40828
3 66004 97890 558
3 78697 29420 6827
3 43804 27723 26517
3 73005 97885 72622
3 86113 62403 36768
3 83427 31681 3994
3 56584 60698 25747
3 71055 9045 91453
3 69049 18385 39431
3 56413 95812 19980
3 86081 94508 94750
3 20030 97192 97820
3 3469 59556 17436
3 770 31982 14997
3 66740 63630 11030
3 52268 8907 13820
3 44261 9897 41390
3 17624 4116 17195
3 31975 73824 19831
3 18908 66592 31777
3 39604 7896 47316
3 72904 49560 3297
3 72446 59718 45745
3 8015 65704 42212
3 98928 96899 42262
3 92017 88236 93130
3 27941 2503 85848
3 50320 38962 14952
3 28731 11955 85743
3 41137 91522 87927
3 91165 43300 62946
3 66197 22955 51628
3 73485 94908 9722
3 59540 70570 29074
3 50769 13261 84412
3 22681 18699 19207
3 56343 47000 53981
3 71662 82280 91322
3 39350 99859 42367
3 55038 75609 43636
3 14316 4194 24389
3 68638 52958 28077
3 28623 81557 82787
3 16383 59618 91417
3 57661 67706 43199
3 44063 5289 91026
3 85298 32785 57
3 2506 85880 88060
3 79206 85511 5874
3 27691 86934 54959
3 66412 81769 86165
3 47310 92227 68287
3 63496 68117 53872
3 17165 9338 84042
3 54884 15681 5891
3 88903 72908 67278
3 36742 55351 38864
3 96045 7657 78824
3 28982 61538 23868
3 60443 83999 60258
3 64993 9325 4757
3 29356 7899 87597
3 49963 48381 43698
3 44376 24155 2696
3 15619 72512 94093
3 77930 4044 50571
3 69994 21104 24068
3 29725 26440 35378
3 49341 42912 67504
3 33684 88366 45031
3 59664 44345 41919
3 61015 21777 7550
3 97633 34201 95946
3 7188 64472 759
3 90250 86733 19533
3 45137 52280 64939
3 24147 93588 94053
3 78625 25128 98264
3 11313 95555 87731
3 69690 20365 26125
3 90517 49631 5402
3 83303 59321 26238
3 47526 78534 38361
3 16600 34971 5011
3 34314 72538 90393
3 91832 50303 32014
3 75360 40907 87962
3 54556 72726 58016
3 69731 3830 84435
3 34429 49046 5288
3 19369 33485 5273
3 10855 84216 3849
3 97072 56954 33191
3 70197 65377 48295
3 16920 229 80236
3 69623 54672 76033
3 47555 34049 17137
3 88390 51036 9269
3 526 66042 48312
3 6597 6072 17655
3 52414 31902 73349
3 78375 75951 65934
3 76497 3287 8052
3 12701 4604 28911
3 46273 7843 20946
3 22394 24367 19512
3 79360 25953 98255
3 30754 9265 51582
3 77950 94040 17987
3 53006 78733 50341
3 24919 66951 4206
3 45066 18482 91231
3 35336 96178 10645
3 95616 10281 73483
3 16436 68959 16485
3 19545 31898 65793
3 2227 11792 92970
3 11082 18486 57034
3 20568 91306 69471
3 79708 22101 64194
3 90368 2133 33335
3 87309 51831 96538
3 1426 84904 99970
3 54591 42531 59105
3 85157 75507 20920
3 70734 10488 45410
3 25294 70416 40736
3 54937 572 20364
3 12615 59291 44958
3 86677 17853 3991
3 73405 98141 60776
3 611 92243 50749
3 7811 22355 85615
3 27290 27309 40656
3 1266 3497 5807
3 661 19447 33885
3 90172 23932 18966
3 39363 67363 49591
3 47401 57563 3808
3 2742 18404 15432
3 52468 17085 93168
3 44131 56555 74126
3 53608 86886 29210
3 3515 86760 502
3 31684 15084 30289
3 14084 64681 58288
3 79320 92798 56785
3 59927 29054 24866
3 64554 91822 46120
3 62919 92213 59702
3 17249 90208 1854
3 57254 59818 38865
3 52607 74620 67736
3 93592 94533 76551
3 93681 76133 76206
3 72803 46552 50048
3 92079 58113 49693
3 4850 33829 10366
3 90229 33657 40527
3 57476 63946 58035
3 43914 99668 47799
3 87506 63628 34064
3 54386 36956 47910
3 51983 38431 55069
3 59032 67083 71274
3 97768 35299 30002
3 71995 85474 2708
3 48767 9176 26182
3 60051 86847 53961
3 54693 66536 4539
3 84578 7662 82964
3 33104 49612 8021
3 61236 76365 15225
3 97968 8188 85337
3 94762 28526 74579
3 86136 19675 27933
3 35602 76935 78844
3 25375 79696 68488
3 48894 34535 36858
3 47486 89499 71454
3 59635 42627 44480
3 79583 41043 20192
3 26075 58156 73482
3 62910 12356 90610
3 4797 26351 16044
3 91289 9356 70579
3 86488 99181 81580
3 18246 70559 55452
3 43474 23359 49434
3 66810 90882 64332
3 22424 39351 46246
3 38726 90884 78152
3 75152 84193 9641
3 24056 9336 32149
3 26872 46782 58422
3 69064 72090 40888
3 20302 96784 36654
3 89579 25397 79161
3 82303 91245 49263
3 17730 77221 42733
3 56127 94626 38385
3 67565 43999 89290
3 98053 14460 63923
3 44211 33097 41075
3 29716 43477 69350
3 70906 81303 7231
3 34206 73673 48694
3 12892 58511 46021
3 89534 90925 59069
3 87802 16599 96555
3 74628 2029 61409
3 11850 85879 45240
3 80994 12747 83639
3 37592 59333 22349
3 89702 43743 93998
3 13338 66492 37564
3 92561 54087 49867
3 86398 72128 33825
3 72436 86086 51014
3 89977 62711 26367
3 11679 26598 11226
3 8348 49272 71210
3 64799 43751 50887
3 47665 30419 42002
3 90005 54080 43956
3 26514 98265 50140
3 77886 9505 21981
3 40122 97531 69004
3 78342 19655 72069
3 96224 14629 12175
3 47766 89976 281
3 50162 16689 77144
3 59968 89837 23234
3 32359 3620 63213
3 8045 78525 43512
3 171 53985 57172
3 36973 73610 62607
3 32726 54140 50105
3 72417 951 3555
3 2558 17880 54105
3 41700 95822 53620
3 12586 7594 3592
3 80051 96543 81531
3 90527 28964 8139
3 76363 88732 93569
3 73175 66099 16394
3 57463 31600 43826
3 23291 88136 87688
3 38314 4335 44258
3 23493 3376 25283
3 69145 60156 55848
3 58182 45831 33639
3 84910 6142 78094
3 53160 45080 34116
3 76849 90921 55000
3 65811 84696 95624
3 73866 35699 47045
3 91166 70642 22037
3 93349 65831 9663
3 45761 71011 15314
3 73701 55464 4665
3 2158 90421 1296
3 66663 32279 64999
3 81372 97514 16071
3 62633 56295 96537
3 39040 38113 94089
3 31088 24579 53308
3 76717 15719 19047
3 72822 25002 53135
3 21153 57949 95157
3 71970 99443 3694
3 13285 13479 39305
3 17654 6004 3033
3 7806 1273 76885
3 46874 9081 68201
3 59101 28207 19250
3 83423 76688 43265
3 60971 74148 92275
3 75572 88934 74939
3 33717 74189 22639
3 77908 42892 38104
3 29324 10054 62831
3 7114 11378 2710
3 69142 46398 7480
3 7730 76727 68630
3 73271 57287 33979
3 45250 32908 43603
3 33488 54354 10954
3 45887 72089 92663
3 88254 7418 20467
3 41717 38185 73126
3 31703 17305 30272
3 51535 48515 40875
3 86989 77224 27935
3 15142 68177 25933
3 95151 47272 8614
3 29004 91584 81312
3 46957 73432 60423
3 39559 97400 91785
3 3603 98493 90157
3 962 26177 74466
3 97291 90607 75516
3 36763 7040 92572
3 4612 31952 49169
3 30635 33000 623
3 79580 15434 46758
3 94901 17172 45945
3 56689 17015 72227
3 73184 29813 68921
3 48344 49403 41538
3 8474 64448 48184
3 9793 71135 57438
3 44606 80928 73091
3 30544 86271 91182
3 10059 1422 71701
3 94162 8963 41745
3 99423 69433 53025
3 27936 86464 58329
3 64314 43463 58103
3 26372 44555 74174
3 90753 69328 42062
3 88011 33216 41162
3 2362 40693 49683
3 74039 45051 19353
3 14426 32097 28507
3 97659 87094 89538
3 17542 77775 81377
3 33804 69419 61031
3 85675 10364 12915
3 18430 5614 83735
3 55902 63425 50094
3 65124 22571 86988
3 40884 68310 83932
3 35912 7823 6786
3 9598 65040 52875
3 17898 81107 96684
3 2566 37171 94938
3 98452 79249 38033
3 29360 26023 6763
3 56063 94069 20104
3 14368 76768 73309
3 36557 24358 65954
3 5061 33985 47141
3 11091 27948 13744
3 33638 47213 72863
3 84023 4698 38287
3 56839 37851 72160
3 32118 53667 12942
3 39362 35864 43488
3 14940 72759 56192
3 16156 62867 54719
3 63089 30958 18607
3 75001 59725 39844
3 81725 68650 88730
3 19410 29494 92045
3 32921 70063 64745
3 59267 44651 27512
3 41216 90464 91812
3 58597 82865 82721
3 10056 60094 35256
3 10870 83977 69217
3 57493 27812 24709
3 63207 64965 55461
3 359 75150 25246
3 88541 22155 88507
3 15467 2363 68806
3 35532 83288 30036
3 61646 59869 16859
3 72609 44755 30047
3 83923 15117 38860
3 22434 85096 45786
3 75918 53273 99685
3 40133 92173 28798
3 32320 80656 90308
3 7538 50499 29235
3 4392 55956 86509
3 28536 91902 34922
3 47060 69302 18397
3 75562 40866 40688
3 60793 21559 86023
3 95211 97477 68394
3 66893 52467 57918
3 39051 3718 35142
3 55728 79722 65002
3 91529 93987 89532
3 73960 12306 92732
3 6003 57187 4008
3 6130 30451 6468
3 19440 89988 47192
3 87542 9945 22868
3 1952 1349 11682
3 21159 43241 23045
3 91859 67391 12488
3 14193 45007 7179
3 20945 16757 61664
3 88016 98326 46625
3 11998 45613 66602
3 26542 7027 6006
3 1016 28228 39819
3 54418 61167 82203
3 1466 84483 23854
3 31397 14672 47922
3 78777 37776 40005
3 45686 13153 34793
3 16866 63369 66778
3 33517 85469 13996
3 44113 15404 30259
3 77 63804 37228
3 44793 30969 13641
3 63485 91213 70514
3 16086 47196 13967
3 6335 92891 89744
3 92693 74218 30165
3 2814 7816 24971
3 68328 76208 819
3 93173 64607 4841
3 172 42381 7555
3 28562 19909 16794
3 74820 67574 75591
3 15465 21623 83981
3 47389 49625 74671
3 91310 31529 2539
3 98127 61657 34031
3 92549 44700 77850
3 679 47241 68877
3 97992 48661 73647
3 9279 96968 36189
3 87223 24985 478
3 50550 25486 10403
3 45134 97580 62619
3 13526 19347 41142
3 41915 67482 88848
3 24813 15325 84872
3 96880 51797 65981
3 37306 63398 58373
3 47177 63791 66977
3 14661 62568 26974
3 21478 19709 93762
3 85077 25444 85288
3 76963 99003 34010
3 75579 44893 9903
3 84957 44024 25368
3 22042 50669 62402
3 10511 51031 25181
3 87621 52454 41258
3 64595 21847 23957
3 68787 96037 45556
3 63402 48157 58371
3 99988 53182 31300
3 66152 24841 45235
3 85929 38839 40932
3 86222 64543 62640
3 16008 7434 7905
3 29044 87926 46366
3 30418 16701 66735
3 83445 32530 76375
3 9307 40160 29092
2 42969 12898
2 48870 2328
2 50326 7552
2 38317 81546
2 62748 54681
2 72914 419
2 59440 15926
2 41871 36781
2 61486 49745
2 9932 86998
2 22539 22695
2 13344 31813
2 86219 89695
2 63127 72729
2 86746 14217
2 87952 9365
2 21539 89441
2 92818 74559
2 18936 48490
2 87083 23480
2 75403 61493
2 65007 23935
2 44248 61038
2 77037 68548
2 22618 26405
2 50798 61030
2 8435 10013
2 88956 46061
2 34080 8887
2 11046 68961
2 50793 97198
2 91149 27885
2 38046 56208
2 52061 42515
2 56448 40633
2 17492 76868
2 38351 52766
2 16843 70784
2 70576 16904
2 58808 5893
2 92100 54157
2 49678 93216
2 26546 87937
2 20529 81591
2 66087 32131
2 13288 5840
2 66182 27585
2 5229 54967
2 54837 44880
2 26653 77390
2 36182 69373
2 44147 89088
2 1241 80017
2 61888 96689
2 57492 73277
2 46922 18341
2 6395 33021
2 35433 71071
2 78596 76707
2 87605 13546
2 60381 34170
2 3618 53267
2 46592 98854
2 44341 34991
2 82138 19043
2 67598 12858
2 96007 46181
2 36252 63986
2 43898 76078
2 11629 13552
2 99840 50445
2 15612 44629
2 51838 33251
2 34336 16975
2 61889 6262
2 27162 5119
2 46753 81635
2 6377 12138
2 71794 82360
2 96353 8237
2 5563 17069
2 80267 41191
2 26444 58742
2 7478 31254
2 82488 65708
2 3242 6365
2 60134 23147
2 62498 38093
2 36293 36473
2 57455 71847
2 20911 50575
2 31451 55875
2 17208 60108
2 99885 90219
2 59025 223
2 6639 83160
2 71552 81183
2 42306 31213
2 70573 20258
2 83310 77660
2 96478 7308
2 47529 21765
2 96775 85371
2 5355 74259
2 14936 30660
2 5634 75884
2 6431 63827
2 6326 2756
2 24483 74075
2 87540 27748
2 42502 61150
2 20984 16622
2 46327 79395
2 41429 63766
2 73585 93423
2 26511 28395
2 31542 43996
2 8724 9931
2 53154 85399
2 52871 381
2 78607 9177
2 55800 57763
2 79276 17783
2 46677 91523
2 74661 80360
2 37192 4553
2 27230 13571
2 26753 60268
2 62879 80653
2 89468 12009
2 65313 94877
2 86923 45687
2 21851 45911
2 5087 75289
2 33561 70495
2 58071 29038
2 506 18282
2 57593 51493
2 7725 65577
2 79500 99891
2 56992 95348
2 98299 90555
2 24895 94488
2 70818 19824
2 90658 54720
2 68839 97052
2 7721 98650
2 73118 40674
2 9434 60416
2 40792 2688
2 71966 61280
2 11897 47222
2 99503 26837
2 44150 75215
2 93192 32203
2 46863 78640
2 75441 71443
2 92517 22755
2 16550 17702
2 39064 36903
2 48342 22007
2 56193 55060
2 7540 38888
2 52313 40022
2 81110 70205
2 92735 59241
2 49392 57353
2 96387 68646
2 60467 43161
2 15125 53877
2 22676 80968
2 82719 77433
2 88293 11492
2 24996 8077
2 38187 84550
2 6723 99869
2 83562 13488
2 84316 3698
2 51479 7208
2 67239 10730
2 79057 75118
2 91227 85569
2 23055 51764
2 95385 91628
2 55666 47391
2 58677 66017
2 76411 91155
2 35467 6319
2 72330 97859
2 23386 47209
2 35159 2245
2 51084 68128
2 27872 46802
2 80369 34118
2 90285 70189
2 62865 52214
2 80400 35603
2 8536 75065
2 27385 55667
2 10079 64139
2 6200 28390
2 51835 92414
2 55988 91141
2 11540 12503
2 63919 98237
2 3806 45794
2 14434 15330
2 1205 68556
2 49131 22937
2 1344 15462
2 56652 39476
2 90011 22934
2 46511 45843
2 40896 58128
2 91588 46710
2 89587 54058
2 1721 80316
2 82364 31774
2 16821 86980
2 49328 53080
2 7421 47051
2 42976 23512
2 99413 86769
2 88195 84948
2 96151 96631
2 98338 71853
2 45576 55561
2 67521 6276
2 14501 53670
2 14004 16336
2 74482 33421
2 43775 46663
2 69849 73362
2 16186 11570
2 38755 28080
2 28242 70610
2 54447 40312
2 51577 22997
2 83070 76603
2 95500 73651
2 48244 34909
2 24216 44405
2 77132 26361
2 34107 76586
2 31579 46877
2 72055 85626
2 62561 93480
2 47641 30331
2 84381 81046
2 78260 73743
2 35471 96077
2 67120 10362
2 78903 33056
2 73781 86192
2 34833 99431
2 38427 87070
2 22968 16922
2 98322 49752
2 62036 57637
2 68756 68166
2 9485 55677
2 95255 39747
2 32833 25549
2 81585 26062
2 90739 42913
2 30243 81685
2 58826 62904
2 8579 61705
2 76315 81296
2 82146 32772
2 29612 66908
2 52525 85920
2 2854 94514
2 12590 46121
2 6497 92151
2 26354 6774
2 79376 89310
2 59503 27597
2 58301 76226
2 52785 94316
2 58545 94638
2 33671 7155
2 26679 79300
2 50448 89509
2 68049 34970
2 69229 55768
2 2389 77329
2 2482 52535
2 47302 80924
2 24972 62390
2 3130 20842
2 8464 45654
2 31726 49795
2 20369 8343
2 99338 35531
2 39292 71594
2 43372 55290
2 54834 80509
2 1022 82894
2 58992 78295
2 14740 20464
2 92849 5484
2 56225 12677
2 21900 70721
2 52389 95310
2 61839 31072
2 97893 88662
2 86463 57461
2 41735 56258
2 50365 9349
2 59029 82710
2 68535 70541
2 48390 65092
2 79800 5162
2 11423 98276
2 31564 52023
2 78302 25299
2 53441 72038
2 81451 31078
2 6099 17027
2 9833 6187
2 42629 20925
2 46078 63718
2 83546 24563
2 5628 57784
2 24868 65215
2 47757 75548
2 83145 41066
2 58814 83265
2 80528 27644
2 57635 33311
2 47672 3240
2 96492 31824
2 86963 82891
2 77973 32507
2 56738 40053
2 76157 33162
2 41217 97168
2 90439 47565
2 67911 15784
2 12489 7299
2 70131 91156
2 58303 96126
2 92304 50279
2 49709 92168
2 15861 76984
2 90902 91600
2 9687 11210
2 13876 44688
2 81411 49766
2 27337 12186
2 82188 71544
2 56250 15995
2 484 95029
2 54319 9174
2 69252 14848
2 47943 664
2 88763 29001
2 44390 71173
2 38088 99234
2 30752 79248
2 48972 80390
2 97889 52594
2 27873 42140
2 89738 73028
2 48263 9560
2 18080 16755
2 44039 32066
2 33123 99511
2 20038 52390
2 84822 22820
2 36289 25746
2 5838 80461
2 53522 54924
2 74134 55230
2 92976 74363
2 81128 22636
2 83382 77186
2 49012 4365
2 37049 49056
2 3334 10276
2 21795 45903
2 14880 98818
2 31448 6472
2 59358 29279
2 92844 28121
2 90246 82291
2 97756 69828
2 41264 19958
2 5815 86892
2 17166 44219
2 44861 78842
2 40673 49538
2 97747 86539
2 67803 52526
2 84543 32222
2 15127 23917
2 84462 13097
2 58821 7102
2 70881 95315
2 60092 55263
2 57818 51532
2 26425 84995
2 72857 52378
2 40489 3642
2 45248 22022
2 18608 72286
2 64591 82783
2 9979 87833
2 27054 4357
2 70480 63151
2 63921 43614
2 46213 31046
2 59558 94380
2 33802 99550
2 17808 87885
2 79968 37199
2 98430 94648
2 43100 74017
2 37404 40745
2 79992 47755
2 8589 15685
2 30318 30157
2 5526 78587
2 88661 94467
2 416 29786
2 80541 75101
2 66419 26836
2 23978 86681
2 22733 32972
2 80168 85055
2 79685 93936
2 46125 4257
2 87881 82299
2 98 93126
2 51155 30429
2 35574 66654
2 24737 44665
2 18771 90115
2 33955 91621
2 5384 36447
2 52981 46793
2 54688 67936
2 26665 8484
2 1406 73798
2 28343 51152
2 4319 99984
2 40661 37072
2 6719 9448
2 48829 62409
2 72406 97954
2 26620 69309
2 393 13283
2 98335 24527
2 93295 32464
2 11936 44685
2 34278 90390
2 87436 48648
2 82501 49874
2 31785 83784
2 22012 59073
2 86857 13866
2 65497 55611
2 12914 11367
2 29138 49270
2 56827 4903
2 85548 23031
2 91337 97102
2 25062 33959
2 28788 84056
2 33815 56990
2 6619 82730
2 39364 85103
2 8050 85976
2 25494 66702
2 29832 69126
2 30979 50920
2 88799 42249
2 58466 47315
2 31466 98858
2 47010 91730
2 62343 2069
2 74165 75268
2 88122 60789
2 12445 50956
2 90630 13885
2 59210 57566
2 92875 65766
2 62674 85979
2 37052 80737
2 15932 92530
2 47492 20772
2 13515 88910
2 63721 50631
2 20124 37821
2 74045 12982
2 51033 90850
2 60313 82066
2 8437 59307
2 5330 94036
2 49672 39078
2 32741 5954
2 9767 54974
2 45166 41782
2 35322 68034
2 12395 96105
2 49073 97887
2 10173 87106
2 72514 29181
2 88647 89716
2 18529 95626
2 15664 55027
2 93394 32350
2 59305 54603
2 41885 92027
2 75054 92007
2 54171 9498
2 59405 14407
2 24515 36215
2 96462 54410
2 36030 54374
2 18665 29232
2 9411 42079
2 39052 67580
2 75866 69191
2 35210 54053
2 12416 92704
2 47589 10971
2 51605 33731
2 98868 35676
2 69402 20097
2 4246 20457
2 66818 73129
2 59891 46750
2 2080 28735
2 70374 74485
2 42059 37696
2 16434 74602
2 81764 45673
2 79385 44350
2 32922 63065
2 87108 71547
2 22032 76460
2 44696 24804
2 94236 30434
2 84258 49158
2 70027 69013
2 28613 57467
2 33906 83720
2 54160 74899
2 20086 55844
2 33530 75353
2 46603 52354
2 15271 61570
2 35750 66523
2 80714 14840
2 73792 93361
2 29000 12584
2 84701 42788
2 13206 71154
2 91309 43870
2 17693 18891
2 80271 838
2 27489 33405
2 23916 46539
2 30056 28230
2 15317 7981
2 61961 71623
2 43247 68609
2 54431 9654
2 92518 28775
2 58083 31635
2 13055 93909
2 23048 52672
2 88804 99834
2 11816 45072
2 36575 75082
2 48526 49624
2 61249 72360
2 20307 64788
2 48522 53778
2 43296 88026
2 494 62432
2 97499 28378
2 62992 4065
2 84994 73926
2 56553 63596
2 80228 38966
2 49456 66623
2 29472 19041
2 58688 82890
2 94341 65624
2 60589 6424
2 84789 16954
2 52524 26741
2 63704 6645
2 36622 9451
2 85564 6959
2 69541 86380
2 90716 75709
2 84764 95297
2 42000 77672
2 9446 49858
2 92966 47409
2 38359 4174
2 54500 50021
2 25612 36428
2 55603 49979
2 27439 57120
2 32155 3655
2 56301 16032
2 59668 74230
2 29827 21628
2 77731 50364
2 1738 93063
2 14792 98249
2 58137 31811
2 46633 44273
2 21676 74894
2 47296 26590
2 51124 36847
2 23982 98311
2 64957 8327
2 85071 79536
2 23078 51080
2 93862 86456
2 21138 18711
2 78929 27754
2 89915 66537
2 52395 73505
2 96976 48902
2 85322 53979
2 57829 71968
2 25363 16145
2 50038 91224
2 50055 47392
2 47793 88371
2 73269 54904
2 68191 77820
2 51583 2809
2 82883 81261
2 96940 48944
2 13817 93385
2 70664 31647
2 32208 66970
2 51354 89881
2 70740 53668
2 99157 74491
2 10666 38391
2 95614 69740
2 11328 16363
2 95971 10311
2 78248 31091
2 19907 2176
2 23080 42351
2 90519 18860
2 80750 14759
2 56358 75091
2 11963 82530
2 56691 62414
2 48883 56210
2 19704 68303
2 29345 89180
2 80226 18375
2 65459 47648
2 71843 81949
2 29834 32079
2 63675 67578
2 87690 86835
2 7593 72668
2 16131 48028
2 28753 69508
2 50781 36050
2 17939 8651
2 14090 56460
2 51863 84186
2 26459 21562
2 85127 27289
2 45631 49914
2 13878 32803
2 43054 39713
2 91639 80406
2 6311 45484
2 72736 87518
2 28937 30916
2 13271 93353
2 57987 48934
2 28458 98700
2 38946 92398
2 27402 52686
2 49851 93047
2 23231 78359
2 30706 38346
2 70858 24991
2 47278 704
2 82026 21691
2 14778 25328
2 65010 78488
2 8192 49845
2 67388 88344
2 60502 14066
2 90020 17201
2 57411 74096
2 2338 12565
2 25634 1674
2 41296 47022
2 87109 69932
2 2350 36108
2 93227 4622
2 55354 97737
2 93972 36295
2 62116 68412
2 25738 25271
2 25130 87262
2 29409 81498
2 57171 55839
2 80420 33556
2 33718 1475
2 98047 36188
2 31462 41501
2 31541 33415
2 112 62556
2 86547 65050
2 10566 26914
2 97585 2739
2 59502 48864
2 14825 42214
2 93043 2351
2 68659 90326
2 2920 93960
2 49621 6242
2 33280 53382
2 61238 29008
2 3816 43089
2 1162 87315
2 68248 47330
2 34101 22841
2 96666 26845
2 64774 21726
2 41821 46298
2 69294 82872
2 76431 34598
2 45172 24614
2 6177 41421
2 31223 99724
2 12460 93540
2 57999 1331
2 56156 81845
2 21549 84972
2 4796 17810
2 11651 79107
2 75851 4241
2 13021 37314
2 79545 64849
2 1460 64354
2 40303 8096
2 62422 66387
2 53837 5085
2 36603 84530
2 84293 61856
2 90026 40703
2 74159 68134
2 48462 44283
2 88627 41408
2 41497 48537
2 24284 98065
2 22653 11715
2 83844 32455
2 21435 72253
2 6992 40965
2 74275 16006
2 93919 13663
2 91472 62527
2 70764 11911
2 30244 17000
2 59240 76736
2 54011 62970
2 61209 27520
2 49800 60869
2 69605 58064
2 17755 65542
2 1871 97445
2 61612 95643
2 8721 15004
2 78830 60668
2 14014 48180
2 14403 9589
2 40013 78115
2 37864 79219
2 50933 69627
2 52614 14347
2 48192 22052
2 13920 99140
2 62562 81388
2 12048 43619
2 67425 31642
2 79724 62602
2 69035 6246
2 58632 31825
2 57194 71326
2 44344 94219
2 87658 34221
2 21238 97002
2 46598 8952
2 16812 65482
2 75769 9658
2 24494 77357
2 56921 61025
2 90992 58260
2 21930 56055
2 29614 39413
2 15038 32058
2 50489 90459
2 87979 84964
2 79520 56660
2 24454 61757
2 80032 15212
2 39619 2411
2 84000 4540
2 50684 62732
2 65758 95208
2 3029 79885
2 56740 79653
2 2614 49217
2 50227 58953
2 11014 76711
2 40660 10143
2 76751 1662
2 2303 17543
2 36578 17568
2 36737 81006
2 67361 54741
2 26300 57856
2 38982 67271
2 60282 63597
2 95701 33417
2 77323 87447
2 92881 49852
2 29441 55057
2 77566 18332
2 95603 2288
2 63177 85251
2 18886 37738
2 7407 16585
2 87784 79600
2 19973 7606
2 81675 6734
2 40667 51594
2 12871 73519
2 61070 33836
2 10732 49480
2 36097 77522
2 21275 71209
2 16528 56536
2 37012 74848
2 12112 48946
2 45873 34590
2 1590 91323
2 21890 12826
2 78658 23695
2 41858 17430
2 85045 43595
2 85202 17648
2 98798 9321
2 62210 27739
2 46990 1028
2 23732 40405
2 94798 62069
2 68387 13652
2 59911 41886
2 1967 23284
2 1199 14458
2 57134 72354
2 36884 70404
2 17216 76641
2 98589 84269
2 62249 60295
2 70728 46911
2 40020 39997
2 85656 394
2 62883 48949
2 74 41214
2 89577 91962
2 36536 92328
2 8238 30821
2 73624 71699
2 874 17468
2 76656 63150
2 30895 11415
2 89878 9620
2 44671 5599
2 42125 1763
2 61252 63306
2 34400 97876
2 74291 16246
2 3796 71918
2 50265 54882
2 51325 32094
2 61561 69951
2 18585 51188
2 11357 55808
2 659 28487
2 99363 65180
2 86223 36164
2 37850 64237
2 85799 90811
2 71815 7484
2 92676 46998
2 32229 68987
2 67753 22411
2 29493 79112
2 9333 55041
2 1641 36375
2 56113 82425
2 75431 64148
2 67730 91264
2 58770 77630
2 77667 48668
2 24143 61642
2 68357 45292
2 91539 76964
2 73728 34547
2 16313 89521
2 88102 25568
2 28282 92376
2 83873 48932
2 34338 44474
2 9157 85492
2 48730 44655
2 87133 72805
2 57276 56599
2 23959 84619
2 34996 7476
2 85713 97719
2 278 78686
2 99539 74227
2 54832 85595
2 22592 15601
2 35992 51446
2 48207 76465
2 83202 29442
2 95710 68063
2 92389 46883
2 9944 59055
2 74718 45153
2 82540 1978
2 16110 880
2 4926 53592
2 93225 3385
2 67377 12133
2 11822 62585
2 25941 16632
2 20777 30115
2 92244 81453
2 51104 38290
2 89214 56115
2 80492 75490
2 52953 73209
2 92864 43290
2 84333 98464
2 31904 81229
2 37121 13406
2 99349 46859
2 17079 59833
2 70958 73772
2 37570 23997
2 38998 76479
2 63589 19604
2 8211 93534
2 5586 29516
2 26267 58429
2 68088 15775
2 67444 97384
2 68438 37647
2 65311 17950
2 61138 42038
2 98284 67555
2 74755 7841
2 43869 54756
2 69671 41622
2 26818 965
2 15544 95087
2 1002 73525
2 94501 44531
2 92974 56211
2 25200 54605
2 68119 35909
2 66260 59190
2 23771 26070
2 74672 64508
2 30225 47895
2 8881 75708
2 31375 81596
2 16411 53942
2 85065 6146
2 96090 59842
2 13297 52443
2 14497 80275
2 62510 46237
2 54666 58489
2 65069 6156
2 21492 28466
2 93317 34088
2 29327 38944
2 20493 15083
2 5697 77402
2 10683 19554
2 11089 73537
2 687 67441
2 34341 84851
2 56777 34631
2 48257 63769
2 885 66554
2 93371 46921
2 36271 89797
2 4235 36226
2 3882 94978
2 35701 34360
2 57535 36941
2 71806 54796
2 63549 53629
2 38405 79104
2 18716 73068
2 781 82437
2 97156 63178
2 48477 35562
2 40222 76338
2 91499 29962
2 22157 73749
2 96443 56362
2 97948 39250
2 94163 6401
2 63968 8906
2 27329 49598
2 43600 41849
2 64219 62165
2 21402 30549
2 45604 53277
2 11846 35059
2 3472 54359
2 69398 85605
2 9520 89787
2 25972 19501
2 9639 5536
2 46676 4573
2 27502 47313
2 96761 25030
2 39322 490
2 37812 76223
2 42943 64888
2 21719 41077
2 76833 66381
2 9561 54295
2 21259 8708
2 40224 78386
2 10813 6988
2 14905 5062
2 4382 71325
2 50070 89996
2 38656 91713
2 41553 40290
2 40654 66914
2 62470 7775
2 74632 90183
2 80535 6715
2 74731 6718
2 25162 93573
2 81901 71161
2 26521 64375
2 41322 30592
2 19968 43688
2 27128 14404
2 84291 66137
2 99013 48566
2 43253 32975
2 96564 78888
2 19514 43548
2 40229 51523
2 85280 79822
2 64710 20155
2 10396 83949
2 3370 80526
2 18257 99441
2 49658 45712
2 13981 99207
2 20263 61809
2 44712 26835
2 91722 88126
2 5629 12146
2 71528 60622
2 75844 22236
2 22692 40599
2 8330 11050
2 76663 71315
2 14058 34987
2 99953 21678
2 15484 48165
2 390 18960
2 43324 12070
2 33380 26274
2 33928 28560
2 61951 31772
2 19248 16803
2 71047 10427
2 63026 45634
2 83364 51306
2 82147 89742
2 77498 34967
2 76098 65495
2 34205 85427
2 67408 85462
2 71821 75319
2 9825 43301
2 97672 2582
2 77899 17352
2 15264 53873
2 14897 98467
2 31491 84518
2 88524 53392
2 45227 14391
2 87606 13969
2 47709 5857
2 50865 36558
2 82044 89802
2 66608 14081
2 11072 67942
2 16180 49806
2 82816 12135
2 4523 19456
2 56103 5067
2 85057 41078
2 55702 43610
2 35599 90027
2 69273 14722
2 67102 36817
2 53414 57178
2 96839 46098
2 61306 78192
2 52257 15204
2 70 45392
2 31795 2788
2 91054 17269
2 44440 79145
2 36374 46338
2 26400 67297
2 48626 65962
2 46299 87374
2 61988 12496
2 66717 31419
2 24267 14865
2 70905 43428
2 72961 12336
2 43087 85293
2 97904 68315
2 67494 8060
2 46156 30268
2 74487 31168
2 77059 78635
2 18412 89701
2 59952 27007
2 40746 72800
2 14273 73846
2 7430 97036
2 89846 84742
2 31803 77165
2 76130 70529
2 78233 50510
2 52631 53416
2 21438 66877
2 55447 7772
2 83936 16473
2 75465 769
2 34343 8447
2 7321 33826
2 39171 42155
2 49284 60350
2 67186 32804
2 87704 24906
2 28414 33810
2 18180 97181
2 88937 8975
2 48132 69306
2 27197 28381
2 96291 4945
2 93393 30071
2 87476 54770
2 20570 99087
2 40008 91599
2 19804 5571
2 57682 92760
2 94330 21514
2 47605 82759
2 10720 53326
2 89720 46741
2 62128 56641
2 83530 98727
2 67211 17240
2 21743 71929
2 75449 74986
2 46646 73512
2 37077 95619
2 45020 36777
2 2366 36908
2 96529 89546
2 3149 23224
2 51422 68985
2 70972 63139
2 46611 21829
2 78594 75226
2 20270 93905
2 24901 57462
2 58048 41355
2 20604 34681
2 70115 33523
2 77187 93344
2 3749 78081
2 32928 47927
2 54232 2924
2 52598 2050
2 15422 22726
2 9899 55824
2 57152 9337
2 40039 70312
2 27478 29776
2 30945 74494
2 53651 97351
2 30898 25598
2 77049 8982
2 62703 75891
2 3433 46721
2 5290 84981
2 18653 297
2 51008 25348
2 53029 67869
2 33847 42277
2 61975 74459
2 89234 30962
2 57430 17489
2 8488 98378
2 38373 66565
2 72896 96270
2 89006 38304
2 33222 27173
2 2083 764
2 91814 95060
2 19631 86501
2 1798 92578
2 20105 41606
2 45538 41304
2 24128 6387
2 18627 50324
2 43173 83815
2 727 37571
2 60332 52833
2 22566 21868
2 86494 27529
2 35138 85429
2 76046 96112
2 85953 61130
2 85908 59550
2 36620 3774
2 69616 19874
2 78290 55188
2 5023 16645
2 22540 8123
2 34512 70073
2 35251 5304
2 58892 94934
2 6236 90966
2 60231 51774
2 92137 46619
2 75017 16520
2 53823 4059
2 59914 48795
2 16399 10261
2 28100 23425
2 60856 51978
2 52811 316
2 91217 27822
2 97717 43312
2 91901 10960
2 79374 76762
2 3339 97142
2 91311 32175
2 39348 53350
2 56121 52481
2 1701 11600
2 7232 55187
2 45155 70406
2 53539 71221
2 43846 67033
2 52487 25931
2 56703 65342
2 97969 92779
2 85657 26014
2 19667 19742
2 77107 96186
2 64149 95553
2 3414 25709
2 49700 62413
2 8120 63914
2 96152 53559
2 84782 95430
2 36662 46032
2 98448 37182
2 71111 69324
2 11093 46492
2 79849 22762
2 15307 34359
2 16571 53194
2 43662 81487
2 70224 6558
2 36065 51993
2 50283 62764
2 36636 55970
2 87765 37174
2 76567 63386
2 13306 33939
2 81530 292
2 10828 16440
2 87060 33271
2 21022 88262
2 70499 66946
2 6396 20320
2 18873 78793
2 90007 37978
2 46409 14802
2 86510 56325
2 62294 71840
2 41983 37243
2 17110 69553
2 99387 12421
2 19198 19331
2 50569 18577
2 54208 72066
2 78703 92715
2 43208 48018
2 31520 70713
2 54559 82771
2 58584 93223
2 70229 88978
2 81271 71456
2 83723 93473
2 63353 88418
2 40672 42230
2 43848 21406
2 20023 63385
2 16224 86582
2 17881 12743
2 16606 71430
2 81523 45152
2 89796 40976
2 2324 85910
2 2830 82000
2 4716 7574
2 94491 37188
2 1804 92192
2 5130 70314
2 57162 61838
2 48443 83277
2 5566 74770
2 88089 47693
2 10795 55497
2 10203 82985
2 68780 70361
2 30041 21824
2 40563 27076
2 23343 46373
2 4055 20119
2 77993 1496
2 41124 84711
2 85970 99438
2 13334 18500
2 535 50237
2 26659 95458
2 53409 96720
2 70797 33515
2 57059 53474
2 8666 38816
2 75999 86946
2 10612 21494
2 85219 31524
2 54193 73062
2 83610 19408
2 37252 96316
2 72342 65582
2 85239 66570
2 25659 39013
2 68988 4712
2 33617 8228
2 45714 93899
2 75280 8462
2 59663 34135
2 3181 89454
2 51660 44938
2 76296 95048
2 43035 6306
2 30163 46325
2 92231 36914
2 20636 56978
2 6133 69348
2 81788 5256
2 12906 80291
2 97447 35219
2 62847 86141
2 86264 62549
2 98810 23909
2 34976 2090
2 58505 39294
2 39285 43313
2 65185 69277
2 68486 70785
2 31744 53805
2 16573 74657
2 87367 91551
2 64402 87586
2 80109 7034
2 78341 571
2 6074 31376
2 72442 60708
2 43618 37485
2 46551 94279
2 97235 86238
2 17026 79546
2 55976 82270
2 97787 86964
2 57552 62066
2 23168 92153
2 33124 90648
2 74942 78000
2 58560 49271
2 22909 72403
2 18091 80588
2 95407 97831
2 612 97628
2 67295 50034
2 41000 43692
2 85142 63530
2 97493 34453
2 62943 37407
2 86617 192
2 82738 36009
2 78093 65599
2 28986 17068
2 47056 89182
2 31045 52647
2 16225 41627
2 708 91961
2 58018 47388
2 7993 516
2 82180 50752
2 25610 4529
2 38524 9562
2 71605 95150
2 2124 27772
2 96763 96087
2 14184 59412
2 41271 59479
2 48245 51603
2 95639 80478
2 51247 50361
2 63685 70832
2 5163 23059
2 11416 29550
2 50190 30463
2 5747 75539
2 50695 49347
2 59512 84688
2 2918 24550
2 98917 16397
2 6660 13915
2 32612 15598
2 83194 6343
2 49541 69819
2 58149 54007
2 3386 45789
2 26145 13586
2 92519 7705
2 38698 42889
2 28404 43212
2 58120 55838
2 7636 39741
2 61781 9499
2 133 85156
2 61656 12298
2 96500 43727
2 54554 65734
2 31890 52794
2 26418 38872
2 40596 7999
2 73787 56279
2 24615 59732
2 66693 26878
2 32123 16681
2 69043 34267
2 53305 2564
2 93378 65581
2 9701 85422
2 76214 81659
2 26547 84726
2 52162 4549
2 94387 76295
2 62747 67056
2 54585 46529
2 46060 96290
2 5160 71624
2 83733 72223
2 5306 62474
2 70199 12909
2 88139 9320
2 86503 33923
2 23613 75098
2 20927 96744
2 95505 47036
2 39921 54509
2 95596 54068
2 25492 21816
2 31655 37760
2 44892 58881
2 92969 66356
2 40044 57290
2 55045 56204
2 58861 81859
2 81808 13815
2 74794 62220
2 91537 39606
2 54099 89651
2 74871 75776
2 81077 88257
2 98235 15135
2 26260 75216
2 68502 87168
2 41783 51668
2 75230 51132
2 77189 63814
2 11508 37303
2 64987 61950
2 82467 95772
2 8257 18805
2 72026 94636
2 57124 12544
2 83963 23876
2 55515 74733
2 21065 89857
2 27719 48377
2 80189 84751
2 50314 14720
2 41367 15881
2 77201 54658
2 20005 90254
2 91056 88653
2 38020 44080
2 85964 92830
2 62698 46463
2 8054 94818
2 17189 22687
2 21740 23133
2 70112 61974
2 38809 87936
2 30108 64177
2 29283 68298
2 99315 61682
2 53500 69401
2 33357 42702
2 47795 96253
2 26841 19603
2 80058 38163
2 94550 48305
2 35647 69041
2 40981 53306
2 98433 93686
2 4383 7306
2 13693 32009
2 80088 45099
2 63240 44835
2 56597 42383
2 50185 47550
2 37761 89105
2 54214 71819
2 20904 71945
2 25979 77560
2 22671 23784
2 58389 79092
2 66372 73865
2 37783 73581
2 96185 29194
2 36865 82968
2 84961 85373
2 85633 78503
2 49283 67659
2 21225 99451
2 66377 4676
2 20062 90182
2 96649 75198
2 2667 78125
2 82513 55595
2 10839 16641
2 78796 38307
2 11699 3687
2 57538 27578
2 59371 29961
2 90306 20512
2 88383 24683
2 52245 76263
2 90059 33341
2 69170 72067
2 13962 46708
2 18750 28936
2 75820 87401
2 72272 20647
2 42524 98958
2 77216 16739
2 41775 64880
2 68015 77554
2 74117 57995
2 74778 95104
2 34946 76270
2 5830 826
2 76255 78956
2 74584 29705
2 76380 27725
2 61204 77157
2 13846 35869
2 14998 4489
2 81757 6895
2 48892 57329
2 86060 17511
2 76943 61727
2 53575 3759
2 35666 56859
2 76229 98174
2 78744 92352
2 60736 73328
2 59141 22215
2 97388 54083
2 11581 93728
2 41104 58465
2 75111 98397
2 24844 40442
2 92511 60002
2 6105 2282
2 46067 61202
2 88654 89733
2 13957 58751
2 64537 65683
2 16237 16190
2 24205 59801
2 75919 10729
2 8393 15675
2 90243 11791
2 32161 33440
2 30146 80865
2 29045 35579
2 56612 62032
2 14249 8385
2 22224 42073
2 9280 20815
2 52308 16792
2 14528 37437
2 57585 38570
2 76458 48423
2 13244 53238
2 21721 72710
2 81308 30977
2 44503 62019
2 23064 23222
2 62656 29290
2 62109 86894
2 46508 80664
2 13749 12477
2 12751 15676
2 44577 90410
2 90151 32159
2 98128 49492
2 71667 53553
2 45906 81529
2 15690 43326
2 76112 29771
2 93281 66986
2 79459 32637
2 73572 69744
2 30796 81194
2 98980 47891
2 65636 95939
2 93013 69737
2 70948 75182
2 36348 3308
2 77762 23253
2 80913 77168
2 78632 60240
2 10737 15644
2 73918 17665
2 43851 53504
2 47668 98068
2 94741 22298
2 67027 99528
