164
4 335 387 286 254
4 396 95 165 264
2 74 219
4 357 5 152 1
2 449 404
4 342 314 347 453
4 416 81 290 450
4 107 395 498 239
2 403 76
2 8 114
3 319 446 364
4 425 474 392 344
4 51 287 116 168
4 166 386 35 291
4 269 45 27 428
4 136 29 312 28
2 249 276
4 336 184 361 48
3 348 14 143
3 278 243 30
3 330 393 140
2 407 315
3 99 467 464
4 57 176 40 391
3 300 175 460
4 182 389 84 167
3 205 71 0
4 233 106 366 493
2 79 147
2 327 499
3 354 260 179
2 451 146
3 480 323 20
3 218 118 299
4 320 378 77 435
4 380 159 334 279
4 83 296 471 70
4 85 212 221 316
2 138 298
3 362 437 210
2 100 494
3 365 66 98
3 461 92 259
3 120 418 445
3 302 202 189
4 394 462 289 49
2 105 305
3 411 61 447
4 145 281 36 268
3 414 230 125
4 225 174 457 126
3 190 38 401
4 91 139 442 237
2 417 6
4 409 213 483 424
3 351 93 343
2 110 63
4 255 103 11 238
2 308 321
4 331 443 452 22
2 439 55
3 410 271 265
3 349 257 455
4 242 200 371 163
2 226 273
2 370 24
4 42 466 385 241
2 192 360
4 89 236 306 390
3 7 332 421
4 481 262 193 283
3 397 250 96
4 307 183 54 90
2 82 75
4 251 111 252 325
2 18 402
3 181 400 52
3 382 187 429
3 318 199 384
3 358 458 46
3 13 248 172
3 50 123 313
4 186 293 32 423
3 492 141 156
2 405 495
2 288 148
2 475 185
3 482 456 223
2 436 127
2 164 228
3 322 340 484
4 171 431 68 350
4 352 496 489 310
4 301 490 285 415
3 53 345 229
4 379 194 433 353
2 261 440
3 355 256 214
2 170 124
2 155 272
4 158 376 488 247
4 188 339 438 244
4 338 356 169 329
3 109 227 94
4 216 270 2 80
3 381 203 304
2 207 69
4 245 3 162 134
3 206 309 26
4 97 37 448 432
4 43 368 144 4
3 198 377 232
2 369 497
3 122 153 10
3 468 275 472
3 19 295 383
3 173 180 374
3 88 115 477
2 56 60
2 234 413
3 311 486 246
3 303 430 102
4 324 473 373 209
3 67 258 253
3 263 72 282
3 333 208 9
2 280 211
3 478 420 78
4 197 217 133 131
3 132 108 64
4 128 363 294 73
4 284 465 17 150
2 412 224
4 86 142 235 59
4 346 422 41 196
2 160 240
3 459 470 399
3 178 112 21
2 292 463
4 65 195 372 441
2 34 25
4 367 476 220 469
3 487 151 388
2 277 161
2 130 444
4 398 427 119 326
4 154 328 137 274
2 129 23
3 191 31 204
4 113 215 479 337
4 12 491 426 267
2 33 121
2 16 177
3 201 62 406
2 454 101
2 44 104
2 359 434
2 266 341
2 231 87
4 47 375 485 408
2 419 39
4 317 135 117 15
2 222 157
2 149 58
