1628
4 1067 3428 7832 8408
4 6528 9456 2069 9690
3 5141 8307 474
4 3420 6706 6185 9181
4 1153 373 3331 8197
2 1961 7420
3 4550 8533 9105
3 8334 2651 1605
3 1899 188 9120
4 8385 7256 9786 946
4 974 1924 4379 7809
2 1647 650
3 6035 7593 8356
3 2314 2667 8055
3 5264 2077 6546
2 6855 2162
3 7013 4231 6239
4 1025 9025 5613 8265
3 4169 1972 5045
3 7098 161 9864
4 6046 616 4098 6405
2 9559 8820
2 9609 7394
4 2528 9992 5975 5256
2 4147 3344
3 9721 5082 4344
4 846 2427 2328 2258
3 1705 7987 3024
4 197 7057 1115 4572
3 6878 2644 6043
3 6762 1464 9858
3 575 869 8881
2 392 3825
4 1652 5624 6894 8338
4 805 4955 9318 3925
4 2536 1170 2090 1689
4 5205 2031 9995 8083
4 6565 2551 4931 941
4 7191 339 4947 7086
2 7680 951
4 8115 1484 4843 7512
4 5942 1317 6619 8725
4 1710 5803 831 9908
4 4713 2099 7026 6109
4 9249 788 65 3534
4 7969 4523 8375 2167
4 5918 4199 87 2916
2 2046 722
3 1588 2373 7184
4 8661 6354 3433 7949
3 5947 1687 9087
2 6383 8988
3 8009 9147 7615
4 410 7523 1291 2711
3 4318 3102 7460
4 612 9674 1845 5345
3 2268 3642 6398
3 9271 9362 1139
4 9872 169 6591 4512
4 1003 191 2350 5281
4 3030 4998 9327 3989
4 1933 6385 256 2708
4 6425 4598 2649 9697
3 3364 4170 8623
3 5490 5231 6823
2 762 1015
4 9530 5464 610 8468
3 7985 9354 3283
3 3008 9857 1315
3 9329 6120 9954
3 5020 1231 7295
4 1562 5119 5617 1441
4 743 6358 6571 3927
2 852 8107
4 6128 2398 7294 486
3 9852 8234 6027
3 5753 7526 1630
2 5576 8104
4 3777 2 9898 8369
2 3622 235
4 1359 1119 3896 6685
3 3060 8166 9207
2 5955 374
2 2863 820
4 211 2500 1417 5206
4 8598 1624 668 5742
4 9383 1627 9860 8212
2 4498 6923
4 1556 3949 212 9853
4 4140 1285 3630 59
2 8702 6798
4 8665 3598 1922 7371
4 6614 2382 8895 7481
3 4213 633 3716
2 5297 8839
3 5800 7611 316
4 3200 2815 9179 5491
4 5193 6112 9739 8778
3 3208 5794 5484
4 9585 2063 1807 8206
4 8588 5864 6161 8631
2 1504 857
2 5470 5986
2 4093 8041
4 3358 959 9836 3497
3 8089 1086 5787
4 6551 4945 8246 326
4 18 227 8758 4271
4 6634 928 8030 8986
2 3795 874
4 1880 5640 4017 9917
2 3510 4813
3 9481 6966 6756
4 377 4799 9987 5073
2 6740 7370
3 2253 7150 6451
3 2309 9590 2502
2 6428 3372
4 7661 7858 1577 7273
4 6605 9523 4589 346
4 1510 7108 3038 5046
4 1083 796 2244 3253
3 3987 5906 6041
2 4303 6979
3 4656 4567 6208
3 3114 6627 6926
2 1543 4229
3 4459 187 9059
2 7453 5872
2 8384 7369
2 1544 3814
3 6797 1397 7647
3 6484 3183 3458
2 6458 3394
2 2600 1724
4 5681 7905 267 8419
4 7885 7643 1245 6780
4 175 1537 2707 7645
4 6788 4928 7735 1637
2 5673 5383
3 5830 7392 6297
3 8227 9635 7252
4 5223 6251 5595 8087
3 9041 3784 876
3 6658 9818 253
3 1793 761 244
3 1636 1507 5101
3 5267 9085 936
2 5162 3229
2 6881 8979
2 4468 7796
3 7609 7042 3033
4 83 9464 3725 24
4 4135 4760 686 2117
2 9255 5896
3 5225 1112 7063
3 4734 4515 6264
3 620 2903 5911
3 5303 3832 7351
3 7331 5568 6427
4 2360 1101 6123 3827
2 5496 3992
4 9465 8932 9528 1561
4 3370 4302 5003 2964
2 5635 6462
4 8463 7038 4699 9257
4 7209 6335 3252 6257
3 5934 2390 6898
4 573 7224 5966 1767
2 1149 4415
3 7529 4175 3589
4 7237 572 8494 9889
3 2366 9212 2797
3 5757 3077 2753
4 4694 3045 145 2635
3 2379 6504 6338
4 953 162 3530 5806
2 3806 8915
2 1656 5
3 3994 5724 8108
2 9309 4977
3 7443 6573 7717
3 5745 4053 6028
2 4287 8692
3 6033 9091 4553
4 2479 7400 3387 7158
3 5848 891 9871
4 3954 1887 9438 1407
3 675 289 9064
4 4292 431 2462 2526
4 8678 9060 1020 146
3 5556 3461 7271
4 4286 3544 950 8287
4 7008 3651 1188 4491
4 8433 379 3710 9624
3 8453 8906 8088
3 6322 766 827
3 2780 151 3545
2 41 4743
4 9458 8313 629 1146
4 732 3089 4487 3375
4 6374 84 4712 296
2 6446 451
4 5968 9306 9595 7238
4 6005 4247 8722 6118
4 713 2896 5122 6657
3 1272 4652 3424
4 584 2047 631 8040
2 724 6074
3 972 2125 5272
2 9326 4552
2 7595 8574
4 3437 3615 6192 7085
2 3719 2008
4 71 4127 3648 4702
2 7111 7343
4 6530 657 2913 5397
4 1202 606 7262 866
3 3529 8191 6934
2 9778 6953
3 2209 5667 1429
4 6253 9026 1335 4246
4 1132 9521 8808 640
4 1418 5254 167 1989
4 2221 3504 9043 308
4 8639 3634 2340 4145
3 8133 973 1746
3 25 3019 983
3 4982 8316 2533
4 7525 8099 7212 5279
4 1424 895 3692 5374
4 8358 5069 3557 8629
4 479 8033 5337 9263
2 259 6827
3 6781 8788 132
3 2994 4848 8391
4 5239 2909 6847 5638
4 8714 7003 3851 8244
2 2301 7251
4 5686 383 8959 8504
4 4874 3824 304 1898
4 4741 6935 7485 2894
4 2846 1692 2338 680
4 5414 5021 3674 6647
3 4568 6155 8924
3 7665 6861 3790
3 5025 325 8202
3 7744 4159 2418
2 5540 3343
3 7231 3899 8386
2 418 4676
4 7657 3012 7902 6639
3 784 7198 4815
2 6747 5305
4 8085 1734 7791 7334
4 9286 5777 5991 1203
4 4103 9340 3991 6587
2 1719 9488
4 510 962 2560 7089
3 9846 9964 9317
4 7445 5089 8894 3058
2 36 8304
4 4502 9549 8518 2738
3 4393 4808 7218
4 980 7888 2059 7656
3 7539 7022 2620
4 3440 1825 8658 4015
3 3769 5111 3417
3 9557 11 357
2 226 9695
4 4940 2668 737 9387
3 2805 4847 8272
3 5399 2712 121
4 421 9911 2709 5068
4 6804 2547 1234 8141
2 8396 6186
3 2662 7847 3904
4 930 8935 9161 8347
2 125 5819
4 416 6278 393 8488
4 6365 5870 544 1393
4 4364 5128 8351 5085
2 5148 9386
2 4343 9756
2 7239 4646
4 7304 3355 2054 7109
4 9976 1638 2103 4277
4 1851 1165 8577 7290
4 8402 3931 9623 5084
3 5473 356 4267
3 4430 7827 5319
2 3006 1421
4 9415 4659 789 3172
4 3871 3098 7484 7819
3 2972 4651 8627
3 5960 9861 988
2 7305 1054
4 6888 1343 2227 3835
4 6474 5804 9097 8331
2 1385 3551
4 8693 5390 5930 6595
2 492 3346
3 2213 2925 8774
4 3087 5592 9724 6187
2 6142 8368
4 9031 5614 6784 1049
3 7855 8781 8382
4 7513 2306 4039 3463
3 3649 6736 2139
3 9515 855 1815
2 1214 9411
4 4408 8703 5215 8971
3 2866 4223 6375
3 9719 1538 4232
4 7030 7569 1602 7722
3 7120 5964 9378
3 2865 136 5685
4 6107 7094 5649 6885
4 535 8797 7997 6256
4 2956 9077 6176 3001
3 2978 4205 2489
4 7950 2411 2425 556
4 4937 5431 6088 7411
4 380 1583 3226 7825
3 7785 1406 6110
4 477 2237 3578 5589
4 342 8106 2127 1641
3 9613 195 6164
2 7578 8235
2 1181 4800
4 4162 776 4504 8612
4 5392 1744 6434 4108
2 9869 3947
3 9922 3689 6889
4 1623 5707 6487 8425
2 1808 5043
2 3995 8171
3 8805 9393 7221
3 4295 4356 2782
3 6273 1843 48
3 5841 7711 7992
3 3013 9522 4612
4 3268 5924 2290 5648
4 2013 2384 1987 9654
3 868 9290 6361
4 1065 7506 6893 1992
2 1688 6738
4 1531 8314 8360 2287
4 2566 1810 9117 2151
2 2154 1331
3 9965 2784 2844
4 6566 9151 4293 3127
2 4756 6226
2 8084 3313
4 203 7574 9679 7113
3 2911 565 8697
4 9422 5062 4999 2617
2 6340 8680
4 1648 9524 9337 4723
3 2951 8711 6157
3 9297 3093 66
4 8456 7973 5332 9068
2 1955 1446
4 155 4790 9285 2114
3 8447 5862 3228
4 3821 1158 3901 9078
2 218 1034
4 3765 9233 4167 1305
4 9994 9529 1302 1990
4 4708 5118 4675 6912
4 1951 692 4279 2134
4 4409 5919 5922 1968
2 1458 3501
4 4739 8547 1563 5755
3 230 4534 7019
3 533 4753 6557
3 5508 7498 1345
2 6047 7403
4 2466 6978 5472 9897
3 502 2836 2570
3 4341 4518 9989
4 9856 1940 2088 9642
3 2542 1551 1926
4 8913 778 7052 5805
2 3111 7281
4 2172 3751 9108 3460
3 549 2152 4585
4 3165 2702 6945 8445
4 863 3712 7410 9980
2 841 1587
4 4417 7474 3914 2388
4 960 7720 5551 7440
2 5121 9128
4 9272 2161 4000 3330
4 5552 8150 5282 7229
4 323 8269 5457 2175
4 3385 7565 6629 5783
2 1634 5513
3 6714 3469 1242
2 6635 5700
4 6034 7055 8221 8592
4 8759 1759 8378 5849
4 5688 879 8291 6973
4 4442 9384 8256 705
2 7428 2593
4 4358 2048 6719 2817
3 4587 9431 7348
4 7746 5817 9648 6127
2 7032 318
2 8320 6334
4 411 2264 7494 6759
3 4416 8570 2282
4 4907 5309 4547 5411
4 674 5956 3507 6705
2 4190 4447
2 975 5481
3 2516 2485 4429
2 5974 677
3 8817 9943 5022
4 6665 6686 4153 5910
3 5537 7118 12
3 1722 6083 7836
3 2189 5912 2739
3 2267 239 3325
4 3380 8619 7895 2677
4 31 5879 6342 2746
3 8364 3698 904
2 3605 35
4 3367 6938 2330 7451
4 3309 8177 200 843
3 9036 2397 9170
4 5320 6971 6295 6119
3 2732 7776 8214
4 1248 1997 5936 2980
4 6967 6896 5563 7043
4 931 2881 9020 811
4 2266 6204 124 7716
4 6250 9960 6839 6276
4 8361 2806 8240 1994
2 4857 6406
3 5060 6431 5641
2 4080 9390
4 310 3212 3450 4736
3 1368 7382 332
3 6241 943 2898
3 1946 3258 4995
3 8196 3002 9966
3 1411 1340 1433
2 5876 446
4 4951 8761 3431 396
3 9028 5762 6448
3 9580 6394 8010
3 9074 8015 5458
3 2454 3599 9463
2 4236 9279
3 6902 3099 2779
4 6440 5801 3157 4005
2 9569 9968
4 7917 5710 1362 553
2 9471 6998
4 764 9046 8734 2612
2 6360 1055
3 3174 5349 8635
4 3620 7974 8137 3447
4 5939 3798 1690 7800
4 2849 5949 4233 7328
4 6515 4220 3961 7009
3 2288 170 1152
4 8595 6013 9352 2409
2 1290 2356
4 306 6237 2957 8625
4 4683 8217 7321 5703
3 3724 2316 4767
3 6070 4331 1717
2 2323 3763
4 4069 4197 7444 8068
3 5597 7486 2742
3 9275 4028 5438
3 5699 7488 3299
2 1430 1107
3 9468 2126 7812
3 9544 1797 9881
2 5990 6993
3 6636 4558 7201
4 7698 6679 3876 7725
2 9746 208
3 5523 9950 243
4 7248 7254 6078 4769
3 7196 7436 3151
3 3168 2555 9693
4 9709 5859 4386 6298
3 7051 9804 6126
4 6210 719 9119 54
4 455 6492 1246 8116
2 4234 4284
3 9294 3180 6620
3 5715 6103 4123
4 9303 3194 588 5212
4 5329 4434 7293 430
3 6860 6042 8444
4 166 1256 9568 1536
4 1058 1996 5698 3974
3 4782 6723 2098
3 7599 8741 371
2 8792 2549
3 3559 7708 5104
3 1945 5605 2089
3 9862 6249 1201
2 5948 9002
4 5611 6739 7119 9300
3 10 8636 7557
2 1045 3971
3 8643 7980 1576
3 205 725 465
3 8869 9145 4081
2 254 4314
4 986 7730 2544 6133
3 4507 9558 344
4 8519 3864 144 1906
2 2921 7886
4 2859 5487 4557 1187
4 6972 1495 4446 3783
3 9672 7450 7037
4 4006 4511 7264 3260
4 2854 4217 5439 4359
2 3023 6397
3 6277 8066 2263
4 7945 2146 4470 2252
2 2062 4678
3 7185 6782 7790
3 6777 4563 384
3 7504 1364 2109
4 5156 6465 2619 330
3 656 9771 8152
2 8057 6507
3 1917 1557 2781
3 6233 3860 5467
4 4027 5652 3130 4809
2 4543 4428
4 5813 4062 1337 3678
3 9586 4680 2051
4 1936 6481 1472 399
2 7296 437
4 913 561 82 1937
4 1194 5625 6741 5208
2 731 877
3 4561 2317 4535
4 723 7778 8370 6853
4 4300 6015 1686 7306
3 3705 1900 7637
2 78 7805
2 6069 2186
4 1960 8365 3134 9972
4 8414 2284 7912 4025
3 3406 8398 3081
3 190 6952 4406
2 8657 2374
2 7553 9198
4 3671 4137 2594 9956
4 9266 509 8830 5878
4 7993 5812 1017 1944
4 6680 5112 8250 7324
3 1756 1466 9213
3 9396 9268 4861
3 867 9927 6495
3 1282 8801 3907
4 1410 864 7302 6732
3 7875 6293 6137
4 348 7010 4607 2953
3 406 6786 4388
4 7153 1859 3955 1718
4 45 5273 6892 8288
4 1780 1381 5650 9737
2 1872 5348
4 3207 1102 3298 4773
2 1596 4058
3 149 1824 3600
3 8756 3539 4597
3 8343 1283 3956
4 9089 3699 9817 8522
4 3491 5527 189 5915
2 4619 4499
3 3929 6927 4765
4 4281 938 9258 7
3 9643 9572 5318
2 7279 5171
2 6582 5561
3 2563 989 9686
2 2400 8815
3 38 9951 5324
4 6121 5759 5500 3272
4 6090 3608 9167 2226
4 8516 7781 3682 4237
2 1930 280
4 9768 7492 3484 5280
3 4016 1324 5730
3 5938 6666 8492
4 2952 4371 3132 9939
4 9542 3192 1026 8155
3 2359 9814 506
4 2567 5644 7675 7576
4 7174 3727 1175 2703
3 4185 475 4633
3 9228 1822 5668
2 3744 1428
3 8363 3898 815
3 6017 2196 2449
2 462 2745
2 8281 2163
3 201 4958 4710
3 9660 9962 2675
4 133 5497 1609 8618
4 1378 8628 2407 4825
3 2509 4219 8603
3 6962 5382 6562
2 2871 9928
4 3553 9166 524 7894
4 3329 5637 2318 926
3 366 7742 9033
3 6279 6806 5943
4 3161 3435 1339 246
4 6290 9195 2216 567
3 1841 5041 9870
4 4526 9932 248 2725
4 2615 5437 1823 7734
3 1712 1129 9560
4 6457 75 5442 4901
3 9029 4655 2508
4 1301 8662 2731 2319
3 1681 4060 6060
3 367 9644 1121
3 5413 7228 9191
3 37 6117 4020
3 4957 4992 7250
2 9126 7768
2 7522 3640
2 5982 9158
3 2829 4173 2800
4 591 3953 3756 6009
4 8892 3500 1092 4263
3 8713 8724 625
2 7724 8172
2 3849 2097
2 7006 4014
2 9050 9305
4 8710 3809 1328 3383
4 3371 6312 7385 4750
3 5248 2257 2895
3 6387 2415 3614
3 4875 818 3137
4 5588 3781 9394 3892
4 9215 5376 5604 5221
3 3324 4804 5131
4 5784 1983 8230 7496
2 7072 9430
3 4959 3486 8045
3 1294 9341 9099
4 4562 585 4095 3342
3 9152 8460 8098
4 9753 3838 8293 7976
3 6244 338 6880
3 8348 3969 4605
2 1691 3442
2 2947 8773
4 9338 3414 1051 8174
2 9496 848
3 8955 7521 2552
3 3096 2081 2562
2 327 92
4 5038 8745 9096 1621
4 6131 8845 5773 8573
4 2683 7034 5285 2774
4 665 6320 9640 2767
2 8632 2886
2 2628 8541
2 643 171
4 4176 3770 319 6625
2 3558 2053
4 2171 9694 4275 7180
3 8885 311 6523
3 6579 9803 3938
4 9838 7454 1610 5572
4 6499 2640 8195 9250
3 9825 9638 697
3 4096 6769 2716
4 3276 6106 2066 9008
4 6255 8899 4580 1694
2 9125 6372
3 4118 422 3376
4 667 6319 2718 9808
4 8187 1844 5159 2687
3 5590 3658 8857
3 1299 1918 4313
3 7851 3410 2336
2 2157 1711
4 9296 2814 8621 3123
3 1348 2776 3822
3 8022 1545 1943
4 2962 4433 2826 1979
4 3805 1053 7892 6379
4 2686 1041 108 799
3 3455 8184 3481
2 2691 3470
3 9292 2299 2853
3 5296 5642 2541
2 4685 5107
4 7071 5130 2992 3167
3 5770 8158 495
4 8484 2082 2772 3525
4 1910 7908 977 5747
2 6183 2852
2 2882 116
2 8557 4460
3 1480 7449 6004
4 8679 7186 8346 3697
2 563 3867
3 2032 7455 3978
3 6534 5286 9420
2 4754 5679
4 3738 3316 1791 2598
4 8651 6671 209 9687
3 900 2685 7105
4 4454 7015 5109 7249
4 1553 7368 4984 7208
4 7381 8145 4370 7081
4 4879 5385 3613 6188
4 8747 8922 8136 3531
3 8644 7083 8017
4 5957 6301 4210 6864
3 7049 9437 5489
4 3730 5825 7168 4865
4 622 7387 3939 5751
4 6594 3103 2918 3247
3 176 6734 499
4 3691 9343 2026 970
2 2773 7697
4 698 1703 3402 6987
3 5791 8079 8194
3 9121 4113 6461
3 1761 9037 2561
4 4298 4321 2235 8060
2 4243 965
3 4670 3830 7508
4 1367 8095 4882 7322
2 6871 6196
4 2512 853 6649 5689
4 7787 7059 5877 8161
4 4695 2018 4466 4620
3 6655 5631 8992
3 2181 4405 4641
2 9627 6231
3 543 7608 1138
4 3577 5515 7446 3359
4 5037 3404 4602 276
4 3673 6471 283 4996
3 4250 9912 9227
4 5763 996 2838 3742
4 6718 9664 6826 1353
3 7623 1902 1977
2 4476 1134
3 2261 4018 4626
2 837 5451
3 4490 5169 7920
2 8896 2002
4 1118 4274 1683 5373
4 8437 1927 7207 5892
4 8685 1612 8972 9931
3 2381 3282 7128
4 2035 5418 7213 2343
4 8165 3859 4684 839
2 4316 8933
2 7933 9283
3 79 2701 5521
4 9273 3782 976 7527
3 6072 8814 8276
3 8682 5072 2438
3 615 9330 7889
4 4869 3390 1443 349
4 4849 7456 6333 6598
4 4001 9641 2383 5056
3 7017 9315 8898
2 8021 3583
2 8767 9101
3 7364 2728 7487
3 1237 2614 1380
2 471 4987
3 352 8050 1755
3 9173 2110 3448
3 7943 6954 6808
3 4594 1905 1671
2 1739 7362
2 8076 6373
3 7194 5509 4692
4 4076 8100 6384 8556
4 8686 3143 8508 5499
3 8624 6711 3018
3 1013 8954 4551
2 9049 8013
2 2341 9562
3 7706 8341 8204
2 4930 2761
4 2122 6146 1346 5146
3 7053 7036 9334
2 9486 9220
4 3295 9716 1716 6920
4 9795 8996 2174 2889
4 9063 4591 4540 993
4 8731 6051 8690 6749
3 2864 611 1432
3 7689 1700 672
4 9879 3352 9339 7968
4 3626 6957 5661 7607
3 7435 5372 8198
4 4203 386 3729 7531
2 9749 4668
3 8579 1035 9683
2 1096 49
3 518 8854 5992
3 7501 7829 8743
2 5860 1534
4 3910 4013 1093 177
3 6561 4131 5554
4 3645 1560 9231 2940
4 8779 5729 3304 2492
2 882 1608
2 3804 1457
3 1444 1401 8296
2 8646 8123
4 2808 4489 4019 8432
3 7777 5598 469
3 7750 3594 8542
4 5444 7834 2791 520
4 3707 7743 7619 6632
4 8218 4035 577 1310
2 2370 4427
2 7683 2052
4 2446 3720 447 6995
4 1106 7766 5335 2666
3 4792 5366 5157
2 4413 3
4 6432 1497 8974 9824
3 3244 2387 8539
2 8352 1394
4 3903 5139 2766 3654
2 4803 3379
2 3602 6948
4 7543 8097 2979 2380
4 3129 5692 3818 9044
3 1469 1654 8505
4 5017 8852 6366 6748
4 6199 3054 3906 7817
2 1965 5657
2 1168 4632
3 4420 5705 7339
4 4285 7995 7896 5677
2 4494 4876
4 779 9914 6494 3943
2 845 4682
3 7476 5341 4375
2 7286 4771
2 8735 8262
4 7259 9840 8028 7269
2 4831 1598
3 1377 3508 8727
2 8109 6280
4 7536 5287 4537 5235
4 5103 5026 119 8277
4 8507 3670 8716 2420
3 8691 9805 6218
3 3935 5999 9550
3 2307 982 8749
3 5367 3820 9052
2 8051 7018
2 4002 6568
2 6452 5066
2 9744 5799
2 4822 9535
4 2577 790 9885 4856
2 4067 2028
4 2295 7091 4806 72
3 5247 8707 15
4 9822 2998 2897 4464
4 9491 5115 9930 9403
2 7924 4262
3 6234 9432 528
2 4007 2135
2 6974 2245
4 3211 3492 8877 3327
3 3277 8029 1068
3 637 2170 2914
2 4109 1664
3 4209 3568 5204
4 5775 4698 2060 5342
3 1229 1296 5831
3 7670 6593 9513
2 7545 5074
4 4283 9988 6754 9261
4 802 4461 6837 4269
3 7389 727 5465
3 186 2794 3891
4 5292 3296 9940 3564
4 9308 8118 2722 4224
3 3895 3617 2576
2 3242 4450
2 4997 2523
4 6444 987 7329 8563
4 5086 1442 9866 5928
2 9287 7014
3 2513 3875 4059
2 3265 7919
4 9189 5711 112 7715
4 448 7124 968 8233
2 3786 3146
3 8481 7473 999
2 3623 2272
4 6044 9787 3547 4436
2 8970 8742
4 7792 3693 6449 6750
3 7738 7984 1021
4 6584 1387 5861 7581
4 6149 4833 6459 2476
4 8938 2165 3294 2481
4 4063 3601 5993 8663
4 6834 634 1010 7045
2 2185 5191
4 6054 6023 1693 5401
4 6914 1896 2517 5058
4 3959 3890 6350 7442
2 7983 463
4 8377 6883 679 2530
3 7788 1547 4944
4 4004 6026 261 7193
4 3203 1941 2160 5301
4 9905 8660 5133 2954
3 3794 8681 8638
3 1526 4452 4455
4 4301 8260 4994 6310
2 5379 7157
2 234 4909
4 6975 7142 3757 4864
2 1564 7612
3 963 2183 9794
3 2625 1908 6211
2 937 4993
4 5786 6230 1519 771
2 5323 4254
3 8134 2354 4717
4 8872 8942 806 8132
4 3930 94 7341 7926
4 589 8412 5802 1571
4 3732 8148 9443 5192
3 5845 3580 5377
4 5781 3513 4842 9821
3 1736 2293 8011
4 2670 6585 55 696
2 5120 4606
3 1143 5027 8934
2 3841 6630
4 2803 6916 4037 6136
4 1286 3515 6012 4332
4 8300 4649 7068 3085
3 6875 8405 1304
4 1928 8605 7696 3334
2 5338 2948
4 7573 7310 1422 2305
2 9574 4378
3 4328 2071 3628
3 5061 2218 251
4 947 4696 6758 7076
2 8748 3095
4 512 5237 515 636
4 5941 3347 4264 5232
3 7247 1279 7088
2 3684 2220
3 7419 5313 172
3 3065 9424 8389
3 4214 8616 9921
4 824 2076 4198 5261
4 1662 8973 3495 6191
4 3772 1022 9361 4755
4 336 1373 4458 9264
3 8226 6291 3928
2 6778 6502
4 3164 7816 4686 459
3 4922 2430 7965
2 5914 5042
4 6848 3857 4549 8709
4 4546 1236 6904 908
2 3278 8267
3 2231 3950 9891
4 7932 557 1772 3051
4 5426 4836 3632 7350
3 5797 3090 1764
2 7667 9477
2 6139 9461
2 8953 4573
4 9733 7598 2790 1742
2 2885 1415
4 6538 8506 1527 6664
3 4312 1594 4178
2 8728 2714
3 1816 6080 798
2 8918 9392
2 5562 6683
4 6870 9561 1136 8213
4 5704 4629 2961 7384
2 4501 3422
3 7167 2197 1070
3 9796 4351 4609
4 9069 2534 7197 2715
3 3764 9548 7373
3 4089 9346 3637
3 8861 6037 1830
2 6981 5275
4 7745 3926 4099 8676
2 5024 173
2 5432 9459
4 3409 7541 2858 2764
3 5548 5607 3308
4 17 1820 4457 2724
4 8031 5403 695 5838
3 4541 1532 2580
2 4895 1569
4 6689 6351 8261 5820
2 4890 8340
2 4121 7956
3 5639 7152 3199
3 8285 7225 6422
2 1811 2201
4 7122 8415 1126 1023
3 3003 8909 1361
2 1518 5230
4 2848 6863 1460 3685
2 9348 5219
2 3936 6989
4 8464 5161 9682 1572
3 5423 1275 590
2 7695 5236
3 9546 5843 7826
4 8219 9277 1668 1327
3 9282 5714 9247
4 222 8963 8960 5959
2 8275 2981
2 3204 3290
2 1390 9610
4 2477 942 4449 2983
3 5384 343 7622
3 1586 2789 4188
4 3644 4355 6691 8392
2 7639 9252
3 6857 5629 3767
3 2642 3759 8708
4 5962 5177 452 8328
4 7335 3701 4818 8245
3 9474 385 2120
3 7899 5768 9241
3 4583 4022 9388
3 9971 1471 4337
4 6869 5229 6102 6770
4 8151 1355 2105 9324
3 7772 2461 6765
2 3837 3774
4 9999 4988 9075 5479
4 934 7284 4024 2740
4 812 9427 6209 3872
4 9984 8993 6743 2198
3 6094 9045 8723
3 4889 5029 7860
2 4952 6316
3 9395 566 1616
3 1619 8049 9848
4 2928 2441 2020 9203
4 5630 3561 5210 2369
2 2810 918
4 6783 8397 6222 6825
4 7503 3256 6170 2558
3 6203 5339 249
2 662 5078
2 4171 1595
3 6007 4107 4201
4 8964 8633 623 3271
3 7499 9473 2818
4 3216 3079 470 1218
4 8509 8538 2834 3189
4 3624 5842 9990 1529
2 6040 9837
3 7116 2101 7951
4 9882 3585 6472 4707
2 4048 4367
2 2630 4114
3 6362 6274 8442
2 8816 2982
3 8135 2583 7359
4 4582 3812 9587 3257
3 5436 3873 491
4 7333 9934 5850 5449
3 6021 5476 4158
3 2726 8585 3171
3 98 1452 7219
4 7332 2376 129 3913
4 7127 4759 4084 8706
3 7463 96 4985
2 90 6950
4 3246 5090 4143 4196
2 2503 303
3 2883 3238 2040
4 5502 7751 6404 2891
3 2281 9057 9555
2 3999 4700
2 3000 1626
4 6416 3459 8450 8580
2 7233 5255
2 3475 1854
4 2100 2645 4943 3219
4 2750 3760 9445 5662
3 4441 6648 5530
3 8807 1216 30
4 3193 3483 825 7658
3 7423 8497 7401
4 5720 902 9706 6968
4 7327 5796 3753 4840
3 241 9525 1240
3 4788 3243 6599
4 6575 1230 5094 1431
3 7266 5583 6150
3 3815 9412 9042
3 5065 6640 5140
2 7418 3302
4 851 4226 9021 3966
2 7818 8652
2 7585 7718
4 3909 7668 9784 6525
2 5079 7363
4 7626 2204 726 5412
3 8510 5257 1057
3 870 7839 4146
2 4132 5354
2 6982 7240
2 8795 1087
3 9538 9229 6616
2 6543 4787
4 2265 4486 9022 6985
2 1839 7431
3 4151 2329 8893
2 4021 3035
2 6263 1754
3 2656 6377 6980
2 8223 5886
3 5827 4410 598
4 5067 6850 3378 5505
4 6650 7354 3022 8005
2 9797 9961
3 7421 3273 3593
2 9773 3004
2 2361 9639
2 7975 8571
4 2553 6842 6454 6606
4 7123 6932 472 9409
4 5853 5226 9986 7430
4 8121 6138 7820 9426
4 1189 1154 910 1765
3 8698 7393 6588
2 3944 4878
2 8614 8329
3 262 2365 645
3 2488 1066 1420
4 8601 4141 6767 7703
3 3983 5455 3301
2 277 9066
4 605 3115 8617 3166
4 4560 5365 6586 6707
3 4522 8502 990
4 6260 1903 2884 264
2 6202 6815
4 4639 7937 2494 7664
2 493 7756
2 1113 5132
4 1870 488 95 4834
3 8883 137 8528
4 2275 1159 1384 9295
4 2690 6992 8426 8337
2 9312 9093
2 5670 8140
3 3234 6956 2248
3 9155 8873 4179
2 9688 4348
3 7676 9072 8613
2 9570 174
3 3080 370 5953
3 3800 1414 3338
2 4115 6986
2 969 787
4 3086 7202 7806 3920
3 2084 2559 3988
3 514 4863 7379
3 3028 4841 196
2 5137 1323
4 4057 1494 3916 9845
3 5240 4616 3043
4 7345 4733 508 9487
3 4365 2080 2233
2 5359 6513
4 2765 1225 3952 8282
2 4886 183
3 9429 6872 2075
3 5875 1186 5428
3 4445 4051 4228
2 1088 2795
3 9238 8764 350
2 1318 1913
3 8584 1625 6572
3 3607 2262 3679
2 4960 2470
4 5967 9501 4106 6180
3 8308 2920 9608
2 1611 3354
2 4105 118
4 6617 5400 2878 5931
4 3721 6221 1182 3718
4 2211 7533 23 5722
4 4258 9611 6836 4545
2 9376 7090
2 6828 4742
2 9720 746
3 376 4559 5081
2 1574 8039
4 8946 4040 9673 2876
4 4172 3522 6556 4850
4 6500 301 1881 6763
2 2496 9602
3 5498 9929 363
2 5388 8846
4 9200 5002 2622 6252
4 6944 2039 1468 5531
3 3267 4764 6508
4 819 6100 2518 4465
3 5937 110 4614
2 8062 8295
4 2188 1677 2700 1303
4 571 5097 8129 7870
4 4802 5049 1196 9506
4 1481 894 7483 3739
3 2664 9040 425
2 5844 1226
3 7821 5824 6116
4 6653 5680 7433 5798
3 9310 8790 7882
4 1737 9377 9831 1950
3 2483 7850 4730
2 8763 6436
4 3434 7357 7004 5683
3 5166 7298 3921
4 736 2254 1788 6396
3 2255 3128 6727
3 7559 670 3639
4 8730 9531 6638 6936
4 5610 3144 5669 1195
4 8380 7613 2417 9350
2 9703 9867
3 9755 4495 7099
3 8757 2944 2572
4 4725 4041 3320 1091
3 3787 53 9777
4 6925 9942 4867 2036
2 4090 3315
2 2937 3516
3 2695 333 6101
4 1942 4311 6682 7540
3 9011 317 7868
4 5854 5727 1011 8874
3 4112 9325 3831
2 2106 6353
2 7204 419
2 4925 4569
2 7336 1467
4 1666 526 1326 7278
2 8868 9963
3 4334 8543 6735
4 5143 1075 2159 1376
2 4475 504
4 3357 7367 2922 1834
2 3306 5352
2 4381 9462
4 9274 2926 5874 7188
3 8036 7823 6696
2 4674 1879
4 6145 7078 8431 7544
2 5814 613
3 8546 1209 6356
3 758 2632 4716
4 6160 168 5666 3453
3 4524 1311 9543
3 6140 3195 1412
3 5144 7491 3021
4 3395 5456 1525 2832
2 1009 6915
3 6866 9278 2232
4 4474 7700 932 1962
2 7147 9095
4 4812 3588 9176 5726
2 6789 255
4 5245 2432 5440 6858
2 6821 7782
2 8216 3187
2 8843 9996
4 3932 9781 5405 2273
3 2416 5575 1262
3 9663 2839 1582
2 1617 7953
4 7747 7617 3595 5664
4 5340 3452 8231 564
2 3900 8928
4 7093 6937 9149 7515
2 7799 8122
4 7931 1573 3797 2793
4 9199 6063 5898 9183
4 583 9347 1437 252
3 9381 9632 7604
3 81 8831 8014
2 4934 9696
4 5996 8312 3173 2706
2 3619 5168
3 5555 2720 8200
4 4797 505 3388 9239
3 6909 6086 4148
2 5312 6349
4 7674 7376 3421 9418
4 8948 7140 2807 281
2 1541 5188
4 1635 4036 6716 1613
3 3235 408 9055
4 8878 5011 6343 2887
4 1884 6615 2210 7466
2 6897 4673
2 1729 9832
2 1678 398
2 5246 8799
2 1958 8945
3 7804 7407 8800
3 7928 2584 3567
2 9668 5823
4 7803 3748 7681 1982
4 9691 5774 6840 3833
2 5391 7659
2 6486 7165
3 6254 4155 2974
4 7319 1548 6660 8457
2 154 6169
2 3014 2331
3 9428 7489 290
2 3512 8130
2 8927 9603
3 5785 7314 6294
2 4066 3694
4 9367 4648 7764 2949
3 8001 1105 5921
2 4319 8335
2 6547 7849
2 5647 2431
2 687 2270
3 5371 8832 2618
2 5249 3990
3 6085 3775 2568
2 4853 9109
4 394 4026 5887 147
4 1567 7783 6476 8535
2 8876 6307
2 8443 4497
2 2249 915
2 9981 3566
3 3159 3281 9442
3 1027 2564 769
3 2072 6976 9606
4 8829 9955 6052 7415
4 1336 4368 856 6641
2 9655 9519
2 6328 4866
3 5253 0 4625
2 7001 800
3 8599 7276 4748
2 8069 4031
3 6018 711 511
3 8609 2831 8470
2 7151 3735
3 1344 9038 9545
3 337 4136 2214
4 6604 213 8552 7016
4 756 2532 6084 8864
2 6154 9131
2 3878 4976
3 9876 3842 5108
4 8583 3110 3275 5343
2 8345 7409
4 763 8755 3850 1127
3 9579 6475 4056
3 2999 6258 9180
3 7729 5152 4075
2 3789 403
2 6764 436
2 3573 9498
4 5018 7918 4661 5969
3 8786 681 1948
2 2497 8321
4 4622 7635 1698 5310
2 7590 5620
2 5485 4738
2 6368 8303
2 3708 423
2 9162 8139
4 9193 7535 5569 7065
3 4780 5696 3940
3 4354 274 7214
2 9157 1660
2 5778 587
4 1176 9135 2657 9757
3 2946 4195 3480
2 5660 9736
3 6818 8961 5978
4 8559 1178 2699 5008
2 1784 9357
2 3156 2108
2 1477 8268
3 8258 9892 5663
2 9712 8490
3 5095 7897 5155
2 6178 9134
2 7106 2443
4 5923 8738 733 9844
3 8944 3762 5357
4 1919 5012 8193 2942
2 6717 7377
2 7865 5816
4 5601 8047 920 5362
2 9539 4088
3 2392 4531 8532
3 3220 1069 74
4 8733 6865 4513 558
4 1227 7352 9959 2279
2 3249 6153
2 6753 1803
3 324 1618 1369
3 2038 9130 6751
2 6667 5573
4 93 7771 5344 8286
3 4362 4426 1819
3 8117 3108 7701
4 8459 5381 2484 106
4 5621 4481 8596 3550
2 2274 1150
2 2870 438
4 4747 9365 8207 7082
2 9973 1350
2 2927 2079
2 3612 2394
3 458 8512 4399
3 828 1812 8772
2 626 5721
3 8916 2607 3154
3 8966 3975 4728
2 9221 6288
3 6413 8278 4521
3 3631 2862 3072
3 8769 1663 4164
2 7441 2043
2 7241 8371
2 2458 2611
3 7145 3190 5997
2 1320 919
3 4657 9774 6930
2 7570 5355
2 1427 9404
3 8211 1566 7070
2 9985 1833
3 4419 8736 2324
3 194 3005 8671
2 7927 4981
2 6129 4630
3 4082 7325 6325
2 4946 3877
3 2995 2472 5389
2 7966 5835
2 1232 1597
2 4701 7530
4 9441 6284 9293 1252
2 6304 2514
2 7160 328
2 2029 9083
3 1145 238 8421
3 6415 3091 9262
2 9556 7267
4 1912 3467 7694 9762
2 6884 5402
2 3314 5463
2 7690 358
2 6990 7245
3 9811 9906 4054
3 3611 9499 8554
4 9576 1257 6378 489
2 2578 3333
2 4038 9218
2 6079 2783
2 7406 9034
2 1212 1991
2 9505 3487
2 5274 1701
2 2493 5570
3 5450 4966 7594
2 4826 1043
3 6213 1585 4611
2 8930 9540
4 1108 1826 4323 9937
4 4052 4688 9351 4941
3 341 4149 4117
2 2061 8164
3 8190 3240 1798
3 3109 6410 7349
3 9314 9123 2033
4 6533 6189 1789 6505
3 8090 3039 5738
3 4361 7957 9751
3 4726 20 3488
4 7280 1745 1864 3479
3 966 1130 1
2 1435 9813
2 6409 1485
2 7028 9700
2 8673 1874
2 7673 5164
2 1752 4832
2 7942 9188
2 6420 3856
2 814 9741
4 6721 5218 8149 4350
2 5594 5336
2 1568 3807
2 730 5387
2 8794 539
3 5293 5259 5057
2 1425 8550
2 4482 7360
2 1882 1976
3 14 9740 6517
4 4932 2142 6646 6093
4 8454 9160 2215 551
2 6077 5971
3 3122 9444 378
2 4777 4855
3 3015 7356 4488
3 2474 8744 1386
3 5815 1295 2225
4 2419 7211 5326 353
4 7704 9935 9758 4662
2 2351 5682
2 8882 9379
2 8411 7220
3 5283 2596 655
4 3340 5308 2650 8407
2 3152 7842
2 6668 2402
3 548 604 6531
3 9547 9240 4776
4 654 4709 1047 6817
3 272 2590 1438
3 1920 4989 8294
2 3082 2465
2 9828 2589
2 2234 9666
2 8991 8700
2 6832 881
2 7900 9949
2 7898 2429
2 9053 3117
2 3653 2693
3 7629 8210 1549
2 4579 9779
3 7872 8529 3963
2 9132 481
3 5619 8704 3225
3 3638 140 3879
2 5176 3960
2 6983 6006
3 5028 4650 8401
2 7316 2156
2 8257 4899
2 6720 1592
3 7138 7272 3353
2 1392 1651
3 8785 9058 3496
2 9532 9005
4 3569 4068 9086 5483
2 5009 7702
2 5475 9127
3 9554 6652 8855
2 9284 4556
2 7438 8844
4 7763 3101 3703 6305
2 7141 9382
2 3321 646
2 1993 3075
2 3415 3441
2 4156 8951
2 8026 7478
3 1520 6364 3427
2 6908 5902
4 9567 765 4033 4043
2 3361 9507
2 1575 9056
4 8310 4711 2841 1038
4 971 8880 6941 4877
3 3131 2748 3543
2 2977 3683
3 8263 7175 3016
4 5110 4044 2647 7775
2 3147 9944
2 368 3472
3 901 2873 5626
2 9573 501
3 9551 775 6381
2 3858 5927
2 4377 3430
3 7417 1848 939
2 9711 216
2 5690 1014
2 5347 8422
2 1260 5702
2 5542 7712
2 9124 409
2 6159 400
