160
4 28 499 498 497
4 35 496 495 494
4 93 493 492 491
4 97 490 489 488
4 190 487 486 485
4 196 484 483 482
4 197 481 480 479
4 252 478 477 476
4 286 475 474 473
4 333 472 471 470
4 369 469 468 467
4 420 466 465 464
4 423 463 462 461
4 441 460 459 458
4 12 449 457 456
4 33 451 455 454
4 47 442 453 452
4 165 408 450 448
4 300 438 447 446
4 326 428 445 444
4 482 441 443 440
4 1 249 439 437
4 14 311 436 435
4 21 265 434 433
4 256 269 432 431
4 279 314 430 429
4 299 293 427 426
4 306 285 425 424
4 315 309 423 422
4 322 198 421 420
4 330 294 419 418
4 421 301 417 416
4 454 322 415 414
4 7 132 413 412
4 17 169 411 410
4 86 185 409 407
4 154 126 406 405
4 189 82 404 403
4 212 88 402 401
4 334 102 400 399
4 352 123 398 397
4 358 116 396 395
4 414 96 394 393
4 492 188 392 391
4 11 49 390 389
4 64 148 385 388
4 72 186 378 387
4 73 190 384 386
4 120 105 383 382
4 156 106 381 380
4 158 63 379 377
4 170 203 370 376
4 182 98 375 374
4 213 59 373 372
4 266 68 371 369
4 301 213 367 368
4 319 80 366 365
4 337 86 364 363
4 443 108 362 361
4 462 67 360 359
3 484 64 358
3 38 118 349
3 48 90 353
3 111 99 333
3 113 91 350
3 155 72 357
3 210 130 345
3 221 78 348
3 234 77 342
3 261 131 330
3 310 199 282
3 350 120 336
3 376 87 356
3 434 173 258
3 448 168 267
3 475 205 252
3 15 135 312
3 19 214 181
3 20 133 304
3 34 129 251
3 61 211 276
3 181 121 238
3 187 209 290
3 199 113 225
3 208 107 270
3 249 208 234
3 258 124 161
3 271 125 245
3 273 206 137
3 288 122 230
3 292 197 266
3 320 212 228
3 356 202 313
3 419 134 155
3 430 194 324
3 3 210 187
3 8 193 140
3 10 204 319
3 18 183 171
3 23 207 291
3 24 200 153
3 31 192 178
3 55 191 158
3 65 201 317
3 71 215 321
3 90 189 156
3 91 195 288
3 99 184 283
3 105 180 303
3 121 196 320
3 149 182 174
3 162 323 299
3 163 179 318
3 180 176 307
3 188 177 297
3 192 175 308
3 201 170 274
3 203 310 279
3 214 281 280
3 242 292 275
2 16 316
2 22 315
2 25 306
2 26 300
2 27 298
2 29 305
2 32 302
2 36 295
2 40 296
2 44 287
2 45 289
2 50 277
2 56 286
2 59 284
2 66 278
2 70 273
2 76 272
2 78 271
2 80 268
2 81 263
2 92 262
2 95 264
2 100 261
2 101 260
2 106 257
2 107 253
2 109 250
2 124 259
2 128 256
2 2 355
2 4 354
2 9 352
2 30 351
2 37 347
2 42 346
2 43 344
2 51 343
2 53 341
2 58 340
2 62 339
