1628
4 5357 1 2 3
4 421 6 5 8
4 5583 10 12 11
4 9906 15 13 17
4 1737 16 19 18
4 5796 21 24 25
4 6735 23 26 27
4 2395 30 32 31
4 6655 33 40 34
4 7704 39 38 41
4 5515 37 42 44
4 2489 46 47 45
4 820 50 53 65
4 1729 52 51 58
4 7549 55 63 57
4 4848 59 60 64
4 8437 62 66 75
4 4449 70 72 81
4 4318 69 78 83
4 9483 73 79 80
4 3904 76 82 84
4 7108 89 93 85
4 3697 92 100 88
4 1396 96 90 94
4 370 99 106 108
4 3015 102 103 98
4 4644 105 113 101
4 2222 111 116 107
4 7168 110 131 115
4 5570 114 117 122
4 7100 120 125 141
4 461 123 132 145
4 8775 127 124 126
4 1385 134 129 136
4 8004 133 137 139
4 3715 138 158 161
4 9813 153 151 147
4 3420 144 143 146
4 2935 154 155 149
4 5251 152 157 164
4 1081 160 159 162
4 8689 168 166 172
4 1388 169 177 167
4 5989 171 178 176
4 4106 174 175 179
4 4194 186 189 197
4 4473 199 187 203
4 5083 185 184 195
4 5211 188 194 191
4 2459 196 193 205
4 7515 200 202 204
4 2246 211 209 214
4 962 218 213 206
4 7939 208 219 239
4 8837 221 224 216
4 3457 222 225 228
4 8392 217 227 223
4 371 236 229 237
4 281 232 243 233
4 9267 231 238 271
4 6240 235 241 253
4 4090 247 242 252
4 9019 254 245 246
4 1013 251 257 249
4 7834 260 255 256
4 6170 267 268 277
4 7198 265 275 295
4 4961 264 281 263
4 1004 270 274 303
4 9965 273 280 291
4 1233 276 278 292
4 4579 290 297 308
4 2141 283 287 335
4 7104 286 305 306
4 1734 289 293 288
4 2008 310 300 302
4 6495 312 330 336
4 2115 321 323 347
4 8058 299 314 304
4 1214 316 320 328
4 443 309 334 317
4 4917 326 327 322
4 7409 329 324 318
4 1341 341 319 331
4 7961 337 333 344
4 3463 339 345 338
4 3792 343 353 357
4 6107 346 361 367
4 3607 377 358 388
4 3940 362 352 350
4 4874 363 359 373
4 3096 371 368 355
4 2274 360 364 387
4 3228 366 379 370
4 4322 384 382 375
4 8608 380 374 386
4 1851 383 394 392
4 4240 389 395 397
4 71 385 402 409
4 6935 391 413 396
4 7551 398 401 442
4 7145 403 405 407
4 9795 418 408 415
4 9527 414 416 412
4 3437 417 441 419
4 4131 411 427 424
4 8851 425 428 422
4 9552 431 445 426
4 2259 434 457 443
4 3142 430 449 451
4 1713 435 433 448
4 5006 444 456 462
4 5652 438 439 474
4 7583 473 466 478
4 2962 458 467 481
4 4074 477 459 450
4 3844 460 471 475
4 4657 468 465 483
4 8803 455 480 470
4 1050 479 476 489
4 4847 490 492 486
4 7083 472 469 520
4 2293 488 508 496
4 7196 494 497 517
4 8736 499 514 518
4 3519 501 523 505
4 213 511 495 503
4 7308 500 516 498
4 2045 515 528 529
4 6547 510 519 534
4 1418 524 513 526
4 1724 522 509 543
4 2060 538 525 540
4 850 527 537 556
4 5172 544 561 581
4 9119 533 536 565
4 2544 549 569 547
4 1433 546 577 571
4 4995 545 554 574
4 1621 558 566 560
4 2642 555 567 548
4 3648 557 563 551
4 120 553 559 584
4 6038 564 575 572
4 8601 573 585 580
4 3257 578 576 594
4 7148 588 587 591
4 2628 599 596 619
4 3889 593 612 590
4 7545 605 595 603
4 1763 604 633 614
4 8186 602 616 600
4 2870 623 649 635
4 4150 611 625 629
4 9302 609 613 627
4 4058 618 615 646
4 6537 608 639 631
4 2300 617 632 622
4 7079 626 641 634
4 8187 652 636 665
4 1383 630 638 655
4 4390 637 659 668
4 3869 658 651 647
4 4480 648 669 676
4 8259 660 685 673
4 1711 664 657 645
4 7703 671 680 663
4 446 684 666 683
4 778 661 699 667
4 3842 662 694 705
4 1936 681 703 698
4 2267 688 686 682
4 3583 690 708 693
4 5540 678 700 710
4 245 691 695 679
4 333 716 702 737
4 2023 692 724 725
4 3913 701 739 711
4 5359 714 744 717
4 5136 707 719 735
4 7726 720 731 718
4 687 722 734 732
4 5854 745 713 770
4 8036 743 730 727
4 4902 729 754 736
4 6580 728 753 752
4 706 748 749 777
4 6842 741 781 769
4 1845 755 747 792
4 3632 756 757 762
4 6481 766 751 775
4 1427 759 780 763
4 7922 772 787 778
4 2718 765 801 794
4 5600 776 783 795
4 6985 767 784 793
4 8701 774 791 808
4 7700 797 790 807
4 593 798 805 804
4 3002 803 788 835
4 4151 786 799 809
4 7920 789 802 811
4 9111 806 842 841
4 8697 822 800 813
4 745 823 826 830
4 2364 833 821 824
4 522 820 845 828
4 1336 838 818 832
4 1372 827 834 819
4 2571 825 839 837
4 4582 844 843 859
4 6363 840 869 849
4 565 846 870 848
4 2647 861 876 852
4 2351 879 853 864
4 5891 863 857 880
4 2905 866 855 865
4 6994 860 898 875
4 8199 889 874 862
4 4259 903 901 868
4 171 887 878 905
4 214 895 885 902
4 1976 894 900 893
4 7981 884 920 924
4 1202 915 883 927
4 1510 896 926 940
4 4884 910 945 925
4 7330 899 929 928
4 9585 892 904 908
4 1344 897 930 919
4 3062 923 914 962
4 3214 917 918 935
4 5239 922 912 953
4 188 913 964 958
4 4867 931 954 955
4 8501 938 936 946
4 8835 941 960 933
4 9930 956 966 949
4 1975 959 1013 944
4 5236 951 950 1002
4 5733 952 943 977
4 1505 980 968 973
4 4711 982 965 984
4 1564 961 990 996
4 8651 1011 983 975
4 924 969 998 974
4 2575 979 1006 1022
4 3730 972 1000 994
4 4696 981 992 997
4 7415 989 1004 995
4 3120 999 991 1019
4 4572 1021 1020 1042
4 5529 988 1017 1010
4 791 1015 1009 1014
4 9426 1037 1045 1053
4 3579 1027 1032 1016
4 4415 1038 1007 1008
4 8449 1026 1030 1091
4 5835 1044 1046 1041
4 96 1034 1035 1028
4 767 1025 1047 1068
4 2573 1048 1043 1036
4 5074 1039 1062 1056
4 6042 1040 1081 1049
4 9569 1084 1060 1089
4 264 1057 1064 1073
4 631 1090 1110 1074
4 1523 1083 1063 1059
4 2952 1070 1080 1096
4 5720 1072 1075 1069
4 8548 1085 1082 1077
4 773 1092 1079 1088
4 797 1093 1094 1101
4 1178 1071 1112 1102
4 9566 1099 1078 1131
4 6226 1098 1103 1143
4 6309 1100 1116 1115
4 3137 1104 1109 1151
4 4367 1132 1114 1129
4 1810 1118 1108 1119
4 3905 1107 1120 1146
4 7155 1139 1140 1128
4 7567 1122 1124 1123
4 730 1121 1150 1152
4 1228 1141 1133 1135
4 1998 1134 1136 1130
4 2486 1142 1137 1155
4 4200 1145 1163 1153
4 283 1154 1149 1165
4 5308 1159 1183 1158
4 6028 1172 1179 1176
4 3 1162 1171 1190
4 1429 1182 1175 1169
4 3944 1161 1170 1196
4 85 1195 1210 1181
4 2912 1174 1207 1188
4 5170 1198 1180 1205
4 6010 1178 1212 1193
4 432 1194 1197 1259
4 3997 1215 1227 1199
4 263 1211 1209 1200
4 836 1204 1217 1237
4 884 1192 1228 1206
4 915 1208 1203 1244
4 1587 1201 1225 1253
4 3278 1220 1223 1231
4 2927 1213 1263 1242
4 8442 1238 1258 1233
4 513 1234 1230 1265
4 3022 1229 1269 1261
4 3728 1240 1226 1255
4 5803 1262 1235 1295
4 5849 1241 1250 1277
4 6320 1232 1286 1256
4 6757 1264 1243 1283
4 7618 1266 1252 1284
4 4474 1267 1280 1301
4 4565 1247 1279 1248
4 6370 1260 1276 1268
4 7603 1285 1254 1331
4 3037 1282 1275 1290
4 1117 1292 1274 1294
4 1526 1298 1299 1339
4 1542 1307 1278 1296
4 1684 1287 1309 1321
4 5785 1306 1326 1311
4 559 1297 1320 1361
4 1116 1293 1317 1360
4 1154 1312 1302 1337
4 9599 1315 1341 1353
4 2488 1314 1310 1313
4 3892 1319 1348 1308
4 4361 1316 1318 1325
4 5823 1357 1338 1400
4 7678 1330 1328 1358
4 7823 1327 1362 1349
4 1261 1333 1352 1340
4 3107 1342 1345 1375
4 5341 1371 1379 1369
4 5547 1363 1336 1354
4 17 1344 1355 1412
4 174 1366 1351 1359
4 970 1364 1392 1391
4 2566 1386 1365 1390
4 6220 1368 1417 1385
4 5378 1372 1403 1441
4 6938 1388 1401 1433
4 529 1382 1407 1410
4 760 1380 1416 1428
4 2368 1393 1480 1418
4 5503 1399 1384 1394
4 5548 1396 1421 1406
4 7215 1411 1409 1435
4 10 1387 1420 1397
4 6715 1413 1444 1430
4 451 1408 1429 1439
4 844 1422 1450 1405
4 1765 1414 1487 1434
4 3516 1449 1423 1453
4 8931 1443 1458 1446
4 923 1440 1459 1472
4 5271 1427 1469 1437
4 5649 1442 1448 1467
4 6583 1445 1478 1455
4 912 1460 1432 1456
4 2766 1457 1481 1474
4 5325 1451 1501 1465
4 7778 1463 1489 1479
4 164 1482 1490 1485
4 1963 1468 1476 1498
4 8239 1470 1475 1462
4 117 1497 1499 1473
4 2221 1484 1495 1471
4 8833 1502 1520 1510
4 2484 1504 1493 1486
4 5948 1517 1514 1512
4 211 1500 1521 1518
4 2804 1506 1524 1559
4 4627 1505 1507 1541
4 5627 1525 1557 1503
4 480 1530 1540 1513
4 628 1519 1555 1536
4 2879 1529 1527 1515
4 6149 1526 1522 1537
4 642 1531 1561 1594
4 6680 1545 1542 1532
4 1015 1574 1572 1535
4 1825 1562 1592 1568
4 3276 1543 1556 1570
4 3932 1553 1560 1585
4 8247 1569 1582 1554
4 9719 1558 1552 1547
4 2125 1588 1577 1587
4 2811 1575 1590 1581
4 3608 1571 1563 1583
4 3828 1593 1580 1595
4 289 1591 1578 1631
4 597 1566 1579 1645
4 1735 1603 1620 1596
4 4555 1612 1643 1584
4 7954 1589 1600 1609
4 2516 1617 1604 1613
4 9286 1628 1638 1607
4 931 1615 1636 1630
4 1159 1605 1624 1641
4 1856 1611 1659 1656
4 2538 1619 1637 1660
4 8652 1616 1658 1622
4 590 1618 1648 1664
4 1311 1621 1647 1684
4 5815 1662 1635 1625
4 1819 1663 1668 1649
4 3808 1627 1698 1686
4 4573 1642 1671 1657
4 834 1639 1678 1687
4 1129 1653 1666 1634
4 5058 1676 1654 1651
4 6111 1646 1693 1679
4 124 1667 1681 1700
4 307 1655 1695 1672
4 6984 1677 1669 1724
4 1718 1696 1688 1670
4 7875 1691 1674 1707
4 8684 1689 1710 1758
4 236 1701 1714 1708
4 589 1685 1694 1728
4 1562 1692 1742 1712
4 4997 1720 1703 1721
4 2091 1715 1713 1752
4 3980 1716 1741 1702
4 6306 1737 1755 1743
4 7413 1709 1734 1723
4 7512 1718 1725 1738
4 1704 1719 1731 1735
4 5418 1729 1767 1765
4 9730 1740 1806 1733
4 4091 1745 1757 1751
4 4592 1753 1739 1749
4 4774 1736 1780 1764
4 6628 1744 1776 1770
4 540 1756 1771 1750
4 1445 1778 1777 1779
4 2020 1769 1797 1785
4 5644 1766 1835 1772
4 7659 1768 1819 1781
4 9376 1774 1761 1793
4 648 1795 1789 1773
4 735 1792 1810 1813
4 5235 1817 1800 1794
4 2887 1820 1788 1816
4 3654 1786 1802 1790
4 3802 1796 1804 1812
4 4187 1814 1821 1824
4 6326 1811 1798 1801
4 9523 1803 1860 1831
4 2400 1818 1815 1851
4 3531 1808 1832 1829
4 4656 1830 1874 1858
4 1598 1826 1823 1900
4 3567 1852 1850 1865
4 4089 1838 1836 1834
4 4410 1837 1867 1861
4 6976 1839 1847 1855
4 1339 1854 1924 1915
4 1406 1883 1870 1892
4 1467 1864 1857 1940
4 2006 1868 1844 1853
4 2457 1862 1897 1936
4 3422 1871 1875 1886
4 4773 1884 1863 1885
4 5389 1856 1876 1890
4 2320 1880 1901 1872
4 7432 1881 1895 1921
4 9220 1891 1873 1887
4 2375 1878 1911 1879
4 5336 1899 1888 1912
4 8861 1904 1944 1935
4 33 1898 1910 1941
4 489 1903 1931 1919
4 689 1943 1968 1906
4 6857 1945 1969 1965
4 909 1934 1908 1916
4 3323 1926 1950 1909
4 5457 1923 1918 1930
4 5489 1920 1932 1984
4 6778 1942 1966 1981
4 8938 1939 1953 1963
4 2381 1958 1971 1967
4 2462 1952 1989 1973
4 3145 1959 1995 1976
4 3704 1961 1933 1960
4 7419 1970 1964 1954
4 7426 1951 1957 1977
4 9043 1947 1991 2027
4 1021 1955 1978 1999
4 2398 1985 1972 2023
4 5856 1980 1974 2009
4 7530 1983 2026 2022
4 3595 1996 2024 1998
4 6340 2007 2005 2001
4 8823 2008 1993 2019
4 150 2031 2039 2035
4 1512 1992 2020 1990
4 1922 2028 2058 2085
4 3559 2003 2047 2029
4 4057 2002 2061 2004
4 5776 2030 2042 2016
4 8299 2032 2015 2054
4 198 2025 2037 2040
4 635 2017 2045 2083
4 835 2034 2057 2033
4 1952 2049 2060 2088
4 3371 2046 2018 2074
4 5920 2064 2078 2036
4 4467 2053 2072 2075
4 5522 2044 2048 2077
4 6466 2073 2059 2130
4 9429 2082 2071 2090
4 32 2067 2068 2066
4 359 2063 2062 2109
4 947 2065 2122 2118
4 3075 2113 2114 2143
4 9062 2079 2107 2101
4 9221 2111 2103 2121
4 1822 2086 2140 2106
4 3564 2089 2108 2096
4 4124 2102 2087 2174
4 6724 2097 2134 2124
4 9828 2125 2155 2133
4 45 2100 2152 2112
4 149 2131 2127 2095
4 678 2105 2098 2148
4 3011 2117 2156 2126
4 4887 2139 2136 2135
4 7220 2119 2145 2168
4 170 2147 2141 2202
4 300 2123 2153 2157
4 2167 2154 2151 2171
4 6705 2150 2144 2170
4 6873 2132 2175 2163
4 313 2169 2138 2186
4 3694 2172 2173 2179
4 5047 2165 2204 2193
4 5584 2158 2194 2213
4 471 2167 2164 2161
4 611 2183 2200 2185
4 2278 2166 2227 2208
4 1047 2177 2215 2191
4 2495 2192 2233 2206
4 4335 2195 2188 2216
4 4708 2205 2254 2223
4 4949 2237 2196 2273
4 5277 2211 2222 2255
4 6659 2210 2190 2253
4 6903 2199 2201 2212
4 1044 2198 2214 2218
4 5657 2234 2247 2220
4 6726 2238 2252 2229
4 7386 2231 2266 2235
4 9996 2259 2257 2246
4 1181 2225 2232 2260
4 2367 2249 2236 2245
4 3818 2251 2228 2268
4 4340 2243 2275 2267
4 5860 2258 2261 2250
4 433 2242 2278 2272
4 541 2248 2287 2280
4 708 2270 2265 2263
4 1593 2288 2286 2282
4 7384 2284 2271 2262
4 5173 2274 2285 2277
4 7509 2295 2312 2294
4 1381 2290 2293 2331
4 1840 2292 2327 2354
4 2702 2291 2310 2359
4 3563 2308 2324 2315
4 5813 2305 2336 2326
4 204 2307 2298 2353
4 355 2313 2302 2314
4 2296 2301 2349 2348
4 2601 2321 2303 2386
4 5496 2311 2351 2322
4 7555 2318 2328 2381
4 8667 2330 2340 2370
4 889 2325 2357 2377
3 968 2323 2339
3 1751 2350 2329
3 1768 2333 2405
3 70 2347 2362
3 1012 2337 2382
3 1409 2375 2383
3 2329 2356 2346
3 3330 2358 2361
3 3596 2355 2344
3 4092 2376 2364
3 4742 2363 2396
3 7751 2380 2411
3 234 2385 2394
3 1321 2379 2419
3 1843 2403 2371
3 2033 2399 2384
3 2578 2374 2436
3 3004 2387 2448
3 3809 2378 2398
3 3972 2406 2402
3 430 2431 2390
3 431 2413 2409
3 1062 2422 2460
3 1640 2401 2395
3 2746 2437 2430
3 5082 2410 2428
3 6576 2404 2480
3 8454 2412 2421
3 9028 2438 2433
3 97 2441 2457
3 372 2423 2481
3 500 2459 2447
3 620 2440 2418
3 1750 2435 2426
3 2661 2432 2487
3 2762 2469 2465
3 2949 2454 2491
3 4046 2458 2445
3 6964 2495 2443
3 9446 2468 2496
3 136 2497 2467
3 673 2456 2488
3 1259 2470 2494
3 2072 2485 2514
3 2632 2490 2466
3 2977 2489 2479
3 3956 2477 2464
3 4301 2483 2509
3 4796 2492 2504
3 6890 2486 2474
3 7170 2478 2510
3 7663 2503 2484
3 885 2493 2482
3 1475 2517 2547
3 1519 2513 2533
3 2102 2502 2545
3 2514 2516 2498
3 183 2546 2536
3 956 2508 2528
3 1318 2511 2540
3 2399 2506 2538
3 3280 2512 2537
3 8435 2543 2555
3 37 2525 2550
3 86 2548 2559
3 1279 2532 2526
3 1694 2542 2580
3 2207 2560 2530
3 3060 2541 2535
3 3344 2563 2544
3 4387 2531 2529
3 6121 2564 2539
3 457 2558 2591
3 1983 2583 2582
3 2297 2556 2587
3 2881 2557 2577
3 2891 2585 2571
3 7461 2589 2565
3 7471 2578 2614
3 458 2586 2641
3 487 2588 2573
3 602 2592 2570
3 756 2590 2609
3 3364 2581 2607
3 4248 2575 2627
3 4400 2599 2646
3 5897 2615 2635
3 7357 2621 2619
3 335 2604 2612
3 2144 2613 2602
3 2149 2644 2618
3 2210 2611 2620
3 2596 2600 2598
3 3141 2605 2657
3 4116 2617 2610
3 4596 2645 2656
3 6311 2642 2631
3 8766 2640 2630
3 221 2637 2633
3 392 2639 2634
3 462 2632 2659
3 801 2643 2686
3 1371 2661 2676
3 2028 2666 2668
3 2610 2663 2654
3 4339 2660 2683
3 6332 2651 2695
3 40 2674 2673
3 1161 2652 2684
3 1678 2682 2718
3 1688 2655 2742
3 2892 2664 2687
3 5066 2662 2732
3 7602 2672 2692
3 7889 2685 2691
3 31 2711 2677
3 168 2688 2702
3 725 2680 2679
3 2412 2714 2710
3 4736 2715 2712
3 5181 2716 2706
3 502 2708 2733
3 739 2745 2722
3 1009 2707 2697
3 1426 2717 2700
3 2307 2748 2762
3 2685 2735 2757
3 4097 2705 2756
3 4688 2703 2765
3 6229 2713 2709
3 78 2737 2743
3 152 2747 2734
3 325 2736 2760
3 393 2750 2730
3 402 2749 2741
3 511 2731 2754
3 615 2746 2744
3 639 2728 2759
3 1220 2739 2786
3 5128 2764 2740
3 229 2763 2780
3 613 2782 2776
3 1043 2779 2755
3 4787 2767 2795
3 5719 2778 2806
3 8804 2791 2783
3 34 2769 2802
3 793 2777 2784
3 848 2775 2812
3 2388 2774 2787
3 4031 2814 2801
3 7803 2809 2785
3 953 2813 2793
3 1080 2831 2835
3 1165 2807 2818
3 1807 2811 2808
3 2242 2825 2822
3 3123 2803 2839
3 3555 2800 2830
3 3679 2804 2866
3 3743 2841 2816
3 6746 2838 2820
3 7697 2833 2865
3 13 2836 2834
3 252 2869 2861
3 413 2837 2823
3 579 2847 2840
3 1270 2848 2926
3 3515 2867 2858
3 3698 2832 2843
3 4723 2853 2842
3 4969 2868 2849
3 477 2863 2855
3 860 2846 2881
3 2164 2864 2852
3 2215 2860 2857
3 3396 2879 2862
3 4047 2888 2923
3 5212 2885 2884
3 57 2890 2948
3 346 2891 2883
3 740 2876 2875
3 2929 2880 2927
3 3621 2887 2925
3 4173 2889 2901
3 4267 2928 2935
3 5950 2924 2909
3 6291 2920 2939
3 9280 2912 2904
3 193 2922 2921
3 293 2916 2951
3 395 2919 2906
3 414 2917 2977
3 649 2913 2938
3 1369 2918 2914
3 1549 2910 2936
3 1586 2956 2955
3 2019 2905 2934
3 2232 2944 2970
3 2629 2911 2953
3 2898 2915 2937
3 83 2930 2984
3 949 2950 2982
3 1276 2954 2942
3 1416 2947 2962
3 4662 2985 2961
3 5026 2946 2983
3 6104 2974 2971
3 6544 2981 2972
3 7565 2952 3013
3 554 2979 2980
3 568 2975 2978
3 868 2965 2963
3 1084 2969 3004
3 1650 3016 2988
3 2533 3014 3035
3 2634 2973 2995
3 2751 3010 2991
3 4311 3008 3006
3 16 3001 2996
3 23 3015 3049
3 1516 3012 3040
3 1793 3011 3000
3 2668 3003 3051
3 3263 3050 3002
3 3431 3009 3029
3 3806 3045 3020
3 4537 2999 3047
3 6630 3038 3034
3 7236 3039 3033
3 982 3041 3065
3 1031 3037 3075
3 1032 3053 3074
3 1250 3032 3027
3 1514 3048 3081
3 1527 3036 3028
3 1532 3052 3079
3 2047 3044 3030
3 2303 3042 3061
3 4176 3043 3109
3 8965 3064 3058
3 675 3080 3077
3 1201 3078 3118
3 1296 3071 3112
3 1452 3073 3110
3 1986 3076 3062
3 2442 3068 3104
3 4578 3066 3100
3 4914 3069 3115
3 6612 3119 3087
3 6920 3106 3091
3 499 3114 3111
3 1027 3117 3093
3 1606 3116 3094
3 1618 3099 3144
3 2143 3097 3125
3 2422 3095 3140
3 2671 3139 3127
3 2712 3143 3128
3 3513 3108 3132
3 4935 3098 3137
3 5834 3103 3135
3 5980 3107 3138
3 6510 3113 3129
3 9711 3145 3146
3 225 3142 3165
3 365 3141 3133
3 459 3134 3164
3 858 3136 3181
3 3407 3131 3171
3 4447 3167 3190
3 30 3159 3161
3 115 3155 3176
3 2328 3162 3160
3 3147 3163 3170
3 3570 3158 3157
3 4095 3153 3186
3 5097 3166 3188
3 6604 3180 3220
3 123 3189 3185
3 185 3183 3173
3 1898 3182 3178
3 2335 3213 3206
3 2402 3187 3221
3 3547 3184 3214
3 6118 3223 3207
3 94 3219 3246
3 576 3218 3201
3 1110 3205 3200
3 1132 3222 3267
3 1669 3215 3196
3 1978 3203 3252
3 2235 3217 3199
3 4156 3209 3249
3 4558 3243 3242
3 6002 3216 3258
3 6323 3212 3256
3 6398 3254 3226
3 1639 3257 3237
3 2046 3255 3245
3 2220 3244 3235
3 2240 3253 3260
3 2466 3251 3241
3 4197 3248 3278
3 4325 3240 3232
3 4694 3239 3291
3 4840 3238 3266
3 5442 3292 3250
3 7315 3284 3259
3 1288 3290 3265
3 1754 3293 3279
3 1835 3288 3286
3 2333 3283 3276
3 3587 3287 3277
3 3615 3289 3282
3 3883 3280 3275
3 4489 3272 3302
3 5019 3306 3299
3 5041 3285 3281
3 160 3309 3346
3 516 3308 3300
3 899 3304 3340
3 1266 3307 3333
3 1271 3349 3338
3 2105 3310 3343
3 2294 3348 3331
3 3506 3345 3368
3 22 3342 3336
3 101 3347 3315
3 143 3344 3341
3 419 3334 3359
3 1192 3337 3335
3 1212 3329 3360
3 1313 3332 3330
3 1849 3323 3363
3 2234 3328 3321
3 2730 3339 3361
3 3324 3327 3358
3 3664 3367 3364
3 3878 3355 3351
3 1086 3370 3362
3 2136 3371 3365
3 2199 3357 3399
3 2237 3398 3369
3 3038 3400 3392
3 7123 3388 3382
3 417 3393 3389
3 558 3396 3391
3 753 3394 3427
3 906 3397 3376
3 2390 3387 3386
3 2453 3395 3384
3 2781 3385 3432
3 2793 3440 3439
3 3097 3383 3433
3 5397 3435 3403
3 381 3441 3436
3 550 3437 3434
3 1127 3430 3420
3 1170 3425 3408
3 1461 3431 3428
3 1480 3426 3413
3 1656 3418 3411
3 2016 3438 3424
3 2289 3417 3415
3 2852 3422 3416
3 4394 3429 3480
3 4818 3481 3518
3 5234 3470 3452
3 159 3475 3463
3 219 3479 3477
3 472 3473 3472
3 828 3474 3468
3 1093 3478 3458
3 1172 3476 3494
3 1624 3467 3450
3 1783 3469 3454
3 2444 3462 3457
3 2775 3471 3464
3 3131 3465 3501
3 3381 3519 3515
3 3888 3461 3460
3 6132 3517 3508
3 133 3516 3504
3 217 3511 3500
3 279 3513 3505
3 845 3514 3507
3 893 3509 3491
3 1404 3506 3493
3 1627 3512 3510
3 1665 3498 3558
3 1814 3503 3497
3 1985 3502 3496
3 2731 3551 3538
3 3442 3559 3556
3 218 3554 3549
3 610 3553 3534
3 1208 3557 3550
3 1221 3548 3547
3 1781 3546 3537
3 1801 3544 3585
3 1836 3539 3530
3 2065 3555 3552
3 2281 3543 3541
3 2554 3535 3582
3 2750 3536 3565
3 2987 3545 3583
3 3312 3587 3575
3 4479 3589 3581
3 4932 3584 3624
3 401 3588 3574
3 651 3586 3562
3 990 3579 3578
3 1184 3580 3573
3 1899 3577 3613
3 1904 3622 3606
3 2722 3576 3569
3 3539 3621 3608
3 3862 3627 3600
3 3927 3620 3611
3 89 3626 3602
3 545 3623 3614
3 934 3625 3604
3 1292 3618 3615
3 1638 3617 3616
3 1716 3599 3659
3 2184 3619 3607
3 2326 3666 3663
3 2376 3609 3603
3 3076 3612 3660
3 3411 3610 3664
3 144 3650 3647
3 163 3667 3644
3 249 3665 3657
3 292 3656 3649
3 757 3661 3654
3 771 3655 3641
3 827 3653 3640
3 977 3662 3646
3 1130 3652 3645
3 1299 3658 3703
3 1683 3648 3639
3 2173 3643 3697
3 5511 3701 3678
3 207 3700 3673
3 304 3702 3691
3 894 3695 3692
3 930 3698 3712
3 1120 3696 3690
3 1469 3699 3694
3 1870 3693 3736
3 2022 3688 3704
3 2050 3680 3734
3 2463 3686 3682
3 2567 3689 3733
3 2990 3684 3706
3 3580 3730 3714
3 4833 3732 3725
3 199 3728 3723
3 288 3729 3724
3 316 3731 3720
3 618 3727 3717
3 691 3735 3721
3 1209 3715 3761
3 2011 3726 3760
3 3941 3722 3719
3 4553 3774 3770
3 287 3769 3747
3 356 3773 3766
3 643 3772 3767
3 728 3771 3765
3 865 3768 3764
3 2179 3756 3812
3 2227 3762 3820
3 2564 3763 3813
3 3178 3754 3752
3 3186 3758 3807
3 3541 3757 3750
3 3893 3759 3814
3 4392 3755 3818
3 5192 3822 3817
3 108 3821 3779
3 616 3819 3816
3 819 3815 3795
3 862 3811 3798
3 1277 3810 3804
3 1574 3805 3788
3 1652 3809 3794
3 1841 3806 3800
3 1958 3808 3802
3 1971 3803 3797
3 2288 3801 3864
3 2418 3799 3793
3 3006 3796 3791
3 3753 3792 3862
3 186 3866 3863
3 425 3865 3852
3 733 3861 3856
3 784 3860 3891
3 867 3857 3854
3 1495 3858 3855
3 1809 3850 3847
3 2163 3859 3834
3 2239 3853 3845
3 2563 3849 3838
3 2841 3848 3846
3 3438 3844 3843
3 3536 3851 3837
3 4508 3842 3894
3 4598 3905 3896
3 4634 3898 3888
3 226 3904 3890
3 347 3906 3902
3 348 3899 3882
3 378 3901 3900
3 769 3897 3885
3 800 3895 3893
3 1376 3881 3880
3 1479 3903 3877
3 1563 3892 3889
3 1615 3887 3884
3 1700 3886 3879
3 2577 3938 3927
3 128 3937 3931
3 189 3939 3935
3 383 3933 3929
3 719 3930 3919
3 789 3926 3925
3 1099 3936 3923
3 1403 3934 3978
3 1685 3924 3921
3 2152 3932 3922
3 3917 3920 3980
3 4290 3928 3976
3 4403 3981 3975
3 349 3969 3959
3 415 3977 3974
3 441 3979 3973
3 633 3972 3971
2 958 3968
2 1131 3966
2 1196 3965
2 1235 3970
2 1494 3964
2 1788 3967
2 1909 3962
2 1949 3961
2 2012 3960
2 2451 3958
2 2470 3963
2 2586 4018
2 3213 4016
2 4211 4019
2 203 4010
2 291 4014
2 361 4009
2 703 4012
2 831 4017
2 863 4007
2 1119 4015
2 1180 4013
2 1188 4008
2 1230 4011
2 1284 4004
2 1679 4005
2 1799 4006
2 1868 4001
2 1993 4000
2 2356 4003
2 2382 4002
2 2550 4055
2 4 4048
2 280 4054
2 388 4053
2 405 4043
2 509 4052
2 693 4051
2 782 4050
2 935 4049
2 1105 4042
2 1323 4047
2 1335 4039
2 1611 4045
2 1732 4046
2 1818 4044
2 2035 4041
2 2384 4040
2 2483 4095
2 2498 4097
2 3247 4096
2 200 4093
2 227 4092
2 258 4090
2 268 4094
2 922 4078
2 1046 4091
2 1074 4087
2 1111 4089
2 1133 4083
2 1135 4088
2 2324 4086
2 2378 4081
2 2579 4085
2 2789 4084
2 3394 4080
2 3787 4079
2 4254 4082
2 4330 4076
2 4344 4075
2 4664 4136
2 318 4131
2 376 4133
2 662 4135
2 811 4130
2 983 4134
2 1029 4132
2 1553 4128
2 1987 4127
2 2086 4129
2 2311 4125
2 2373 4126
2 2386 4118
2 2405 4123
2 2541 4122
2 2942 4121
2 3292 4120
2 3386 4124
2 3389 4117
2 3639 4119
2 173 4173
2 342 4172
2 491 4171
2 741 4165
2 794 4170
2 2030 4168
2 2410 4169
2 2508 4167
2 2676 4164
2 2715 4162
2 3199 4163
2 3385 4160
2 3827 4161
2 4371 4159
2 4425 4166
2 5005 4156
2 5177 4207
2 5327 4155
2 6434 4206
2 7092 4205
2 409 4204
2 621 4203
2 872 4201
2 1534 4202
2 1918 4195
2 1992 4199
2 2825 4200
2 2883 4194
2 3008 4197
2 3756 4198
2 3819 4196
2 3866 4190
2 4220 4193
2 4273 4191
2 4369 4192
2 4810 4249
2 69 4248
2 148 4247
2 195 4245
2 821 4246
2 917 4241
2 984 4240
2 1045 4243
2 1063 4242
2 1206 4239
2 1329 4244
2 1415 4236
2 1439 4235
2 1554 4238
2 1705 4237
2 1897 4234
2 1969 4233
2 2747 4230
2 2934 4232
2 3225 4229
2 3267 4311
2 3794 4231
2 312 4309
2 435 4310
2 437 4305
2 483 4307
2 508 4312
2 605 4306
2 652 4301
2 901 4308
2 1610 4303
2 1731 4304
2 2166 4299
2 2172 4300
2 2427 4302
2 2503 4297
2 2803 4298
2 2873 4295
2 2884 4290
2 3058 4293
2 3144 4288
2 3227 4291
2 3466 4296
2 3474 4292
2 3620 4289
2 4032 4294
2 4103 4287
2 4214 4286
2 4237 4284
2 4260 4281
2 4356 4283
2 4535 4285
2 4807 4282
2 179 4355
2 194 4354
2 987 4350
2 1305 4352
2 1654 4353
2 2330 4351
2 2425 4347
2 2500 4349
2 2996 4345
2 3636 4342
2 4224 4344
2 4372 4348
2 4758 4346
2 4822 4337
2 4860 4343
2 5340 4341
2 5350 4334
2 5508 4336
2 5745 4340
2 6077 4338
2 6654 4335
2 7416 4391
2 111 4390
2 118 4388
2 184 4387
2 192 4386
2 209 4389
2 303 4381
2 596 4385
2 1142 4384
2 2170 4383
2 2206 4382
2 2556 4377
2 2769 4378
2 3082 4380
2 3476 4379
2 3530 4372
2 3879 4376
2 4577 4430
2 4732 4375
2 478 4429
2 482 4426
2 729 4421
2 1614 4428
2 1728 4425
2 1831 4427
2 2520 4424
2 3044 4423
2 3189 4422
2 3777 4419
2 4175 4420
2 4285 4416
2 4376 4414
2 5067 4413
2 5107 4415
2 5279 4418
2 5557 4417
2 6128 4411
2 6141 4412
2 121 4469
2 230 4470
2 274 4468
2 908 4467
2 1485 4466
2 1517 4465
2 1695 4463
2 1972 4464
2 2485 4462
2 2512 4461
2 2771 4460
2 2808 4459
2 2812 4458
2 2974 4454
2 3493 4457
2 3716 4456
2 3717 4455
2 3727 4453
2 4523 4452
2 4724 4501
2 4952 4503
2 156 4502
2 781 4500
2 1350 4499
2 1496 4498
2 1625 4497
2 2039 4496
2 2098 4492
2 3685 4489
2 4232 4494
2 4470 4495
2 4699 4493
2 4899 4491
2 5483 4488
2 5504 4490
2 6177 4486
2 6682 4552
2 61 4550
2 256 4549
2 311 4551
2 424 4545
2 507 4546
2 574 4544
2 833 4548
2 1177 4543
2 1226 4547
2 1283 4540
2 1749 4541
2 1937 4539
2 2110 4542
2 2271 4537
2 2272 4538
2 2532 4533
2 2602 4536
2 2827 4535
2 3635 4534
2 4063 4530
2 4098 4529
2 4333 4528
2 4845 4532
2 5213 4611
2 5727 4612
2 81 4610
2 428 4609
2 682 4608
2 795 4607
2 866 4604
2 1006 4600
2 1171 4606
2 1326 4605
2 1501 4602
2 1513 4601
2 1634 4598
2 1696 4603
2 1753 4599
2 1804 4596
2 1917 4597
2 1984 4593
2 2231 4595
2 2298 4594
2 2447 4592
2 2657 4591
2 3023 4587
2 3053 4589
2 3059 4588
2 3108 4590
2 3307 4586
2 3690 4585
2 4297 4584
2 4427 4583
2 4440 4657
2 4588 4650
2 406 4656
2 538 4655
2 803 4654
2 903 4653
2 959 4648
2 1166 4652
2 1622 4651
2 1703 4647
2 1789 4645
2 2252 4643
2 3268 4644
2 3469 4649
2 3993 4642
2 4262 4646
2 4305 4641
2 5008 4640
2 5480 4637
2 5754 4639
2 5907 4638
2 6075 4634
2 6293 4635
2 6998 4690
2 182 4692
2 1275 4693
2 1307 4691
2 1762 4689
2 1932 4687
2 2310 4686
2 2357 4688
2 2393 4684
2 2583 4683
2 2673 4679
2 2900 4685
2 3205 4682
2 3266 4681
2 3361 4677
2 3534 4680
2 3846 4678
2 4591 4738
2 4770 4676
2 603 4736
2 658 4737
2 668 4733
2 1149 4739
2 1191 4734
2 1824 4732
2 2138 4735
2 2645 4731
2 3154 4726
2 3286 4730
2 3416 4728
2 3705 4729
2 3854 4727
2 3963 4719
2 4019 4724
2 4048 4725
2 4060 4723
2 4283 4721
2 4453 4722
2 4793 4717
2 4830 4718
2 4843 4789
2 4851 4720
2 25 4787
2 224 4786
2 275 4788
2 341 4783
2 452 4785
2 698 4784
2 921 4782
2 1190 4781
2 1612 4780
2 1770 4778
2 1878 4775
2 2026 4779
2 2385 4777
2 2546 4773
2 2664 4774
2 2899 4772
2 2928 4776
2 2961 4771
2 3169 4770
2 3382 4766
2 3591 4769
2 3611 4767
2 3803 4843
2 3810 4768
2 3994 4765
2 27 4842
2 54 4844
2 238 4841
2 319 4838
2 468 4839
2 526 4836
2 582 4837
2 659 4835
2 746 4834
2 886 4840
2 972 4833
2 1302 4832
2 1775 4830
2 2153 4831
2 2280 4829
2 2656 4828
2 2662 4820
2 2709 4827
2 3454 4826
2 3523 4825
2 3619 4822
2 3696 4819
2 3719 4823
2 3990 4824
2 4009 4818
2 4691 4821
2 5538 4882
2 5809 4879
2 180 4881
2 412 4880
2 999 4878
2 1134 4877
2 1316 4876
2 1667 4873
2 1777 4870
2 1873 4874
2 2038 4875
2 2525 4872
2 2980 4871
2 3156 4869
2 3413 4868
2 3754 4865
2 4209 4866
2 4525 4867
2 4821 4864
2 5386 4863
2 379 4924
2 422 4921
2 573 4922
2 1087 4923
2 1237 4919
2 1308 4920
2 1725 4917
2 1880 4918
2 2010 4916
2 2154 4915
2 2758 4914
2 3383 4910
2 3645 4912
2 3843 4909
2 4034 4913
2 4132 4911
2 4174 4908
2 4252 4905
2 4520 4906
2 4556 4904
2 4581 4907
2 154 4973
2 360 4972
2 533 4971
2 583 4969
2 911 4968
2 986 4970
2 1290 4965
2 1374 4967
2 1401 4964
2 1664 4966
2 1915 4963
2 1964 4962
2 2431 4961
2 2706 4960
2 2733 4959
2 2858 4958
2 3201 4955
2 3340 4957
2 3546 4956
2 3628 4954
