683
4 6655 9004 4100 2932
4 5918 4695 2819 7515
4 8119 864 5083 7939
4 7101 2064 4916 4808
4 7198 4788 2115 6702
4 4135 6168 71 9525
4 4167 5873 4074 9690
4 1724 2060 4912 2652
4 6611 2749 9151 18
4 5609 8094 373 9283
4 9856 9732 7756 7671
4 7489 3214 5236 7344
4 6297 8915 5720 767
4 8056 1061 631 1912
4 8487 5610 6058 836
4 9078 8677 1483 8670
4 9507 1720 4883 1484
4 5785 3511 7215 8931
4 7041 3544 1765 5548
4 3104 8650 5056 3258
4 8161 7151 8247 8684
4 9499 2999 124 8035
4 1632 4692 4771 5355
4 4926 3567 4904 7683
4 9453 9988 8299 5380
4 5856 9703 8425 5255
4 8238 4124 8196 6659
4 9868 2278 5836 7500
4 3818 6246 1409 2949
4 355 7633 1843 2786
4 530 9398 431 1546
4 9944 2953 9009 7557
4 9047 8576 5882 5719
4 511 1043 579 2929
4 3743 6952 2472 5951
4 2527 568 9157 3449
4 5161 1516 8675 7622
4 16 1296 5714 6510
4 5834 9858 8808 9272
4 1951 8756 419 4564
4 4172 3281 5621 6671
4 3933 796 472 4818
4 417 3097 1461 9844
4 2268 5246 4613 6529
4 5966 7371 2065 930
4 6904 5848 6814 9555
4 769 383 5183 3327
4 2344 9862 1909 349
4 3917 9737 1818 8686
4 4330 9701 6647 1329
4 3922 3794 4356 4807
4 1992 7736 5265 2330
4 7097 9775 5340 4822
4 184 4952 1006 795
4 2512 9436 3716 4724
4 8011 1917 5262 5480
4 5008 9044 5281 5693
4 3266 2645 224 7514
4 698 2153 8231 582
4 6195 1667 5820 7986
4 5527 5619 883 2886
4 4483 4929 3329 1551
4 4973 9176 8992 5099
4 888 5448 6337 6618
4 9664 2380 1558 4050
4 6714 1581 6939 4602
4 2839 8147 4768 9032
4 9706 8463 672 1802
4 8881 5055 6216 169
4 2325 2175 7871 1693
4 5241 7081 9815 7131
4 4710 2526 3335 7531
4 1407 4938 6854 314
4 7719 6745 2931 3415
4 4218 298 1838 4377
4 4272 7585 2933 7858
4 4365 6644 8170 2229
4 1039 1599 5925 1320
4 5322 5009 2052 3633
4 5404 1447 4025 5063
4 8832 7842 91 4109
4 4757 9735 1995 1285
4 5267 5798 1345 5135
4 9076 957 8536 8451
4 9786 6996 8521 5668
4 5079 9136 8827 920
4 856 4042 9681 2717
4 284 5137 9138 2925
4 9355 7794 9005 5874
4 9513 2316 9926 7737
4 7370 9207 3848 4756
4 4306 2976 1328 3598
4 2084 5580 9054 9729
4 765 2792 2810 455
4 9989 619 2194 6440
4 5415 7999 3568 6561
4 6949 447 3489 5290
4 1689 2056 5292 3861
4 6572 1773 4007 9847
4 3919 8946 4316 310
4 5022 9440 9184 585
4 6689 6691 8700 5797
4 7750 233 8846 9185
4 1156 7470 8999 4528
4 8983 7214 1798 8290
4 7836 366 4391 1482
4 4278 1659 7506 6568
4 9001 5564 5975 1916
4 3631 7846 3767 1397
4 2119 9466 1098 852
4 3231 4585 5318 8674
4 2135 7582 3143 9653
4 1637 7285 479 6768
4 3071 1239 4395 9476
4 6667 1913 4201 8973
4 7630 3713 9731 3627
4 4471 1456 981 5654
4 2679 4454 9509 1428
4 625 3056 8041 9147
4 9455 5486 7396 7203
4 8217 4759 266 4998
4 5634 4541 5228 3603
4 9116 8914 9998 6722
4 914 3831 7133 9481
4 7114 8989 7708 1300
4 7710 7262 5905 847
4 7936 3825 4194 1388
4 962 371 3272 3024
4 3647 9307 636 7757
4 2228 7516 47 8465
4 5006 3337 2982 586
4 6178 8626 2828 3112
4 7545 9713 6134 9302
4 3708 778 6171 1552
4 6985 9252 3089 9366
4 2536 8947 1001 7613
4 1564 8470 3830 9962
4 4717 6309 773 6747
4 8702 4600 5476 5203
4 9265 3857 4607 5207
4 4871 5705 9197 9961
4 5441 3050 1825 9121
4 3969 7624 8239 7375
4 5649 6256 1735 4170
4 7752 3677 3480 6741
4 2697 4792 6152 1874
4 2732 9238 4933 2490
4 4997 7777 735 2241
4 6794 6490 4375 3704
4 9220 4011 1021 9091
4 3983 1090 6466 8632
4 2148 4514 3991 4335
4 0 1382 8711 9459
4 4659 9987 8202 8413
4 2062 5536 2025 955
4 4456 1381 889 1321
4 4943 8089 2713 2661
4 6003 2074 4942 4387
4 6450 2881 8815 7387
4 8930 6332 5628 8486
4 9678 1807 5676 8398
4 8950 7631 6046 3555
4 467 4246 4279 1793
4 3396 3838 4030 4856
4 1527 8355 2422 2303
4 1027 365 3147 7600
4 7828 1669 4694 2333
4 6118 8129 5189 3883
4 9745 8084 101 1656
4 2234 2781 9679 7788
4 558 6096 7233 6517
4 8166 828 4094 7898
4 7695 5594 3580 7065
4 691 9225 356 7546
4 5804 865 9172 6253
4 6213 3209 3213 8086
4 2451 203 7791 258
4 5833 8985 5356 5853
4 7627 8872 9342 6499
4 3008 9609 7033 7393
4 2934 6187 1831 2206
4 3935 6141 1517 3727
4 3879 4175 230 7483
4 2098 8462 7533 4098
4 8797 2271 2252 7030
4 2602 8473 7292 7067
4 959 9296 3963 3286
4 1307 5900 8001 972
4 9270 3156 468 5049
4 2010 5778 4174 533
4 8546 5280 7142 2377
4 3662 9171 7179 6753
4 5225 6730 3242 4802
4 1333 9682 4819 2695
4 1413 9098 2452 449
4 2314 9255 4014 9188
4 776 805 1075 8703
4 3254 9601 8681 8154
4 309 4287 9829 798
4 641 1881 3680 6445
4 6447 764 3453 481
4 4828 5961 3016 2658
4 1355 3360 2651 6815
4 8762 7345 4108 1346
4 3494 7646 8400 5639
4 4423 670 3936 9960
4 6840 8302 2018 4684
4 4227 9236 9309 9973
4 1473 9622 1410 9278
4 5701 7535 5876 1151
3 4658 950 2829
3 5675 7853 7122
3 9842 9249 7739
3 1225 4936 7038
3 8848 3283 5852
3 3552 7380 7046
3 2678 2630 9872
3 8657 6706 6810
3 9039 4844 7681
3 1655 5799 6801
3 3683 9643 3532
3 4924 1124 5753
3 9687 2283 6931
3 3649 6442 2646
3 7780 1907 6646
3 6900 8902 4437
3 19 6865 3832
3 6020 2236 7076
3 6525 6070 5184
3 6573 8496 9482
3 4526 2599 7997
3 7023 1389 3964
3 4945 3418 6759
3 2820 2979 6791
3 1229 2092 3606
3 6826 1150 878
3 5335 2940 9095
3 7324 2071 5144
3 7028 5283 3650
3 7926 3468 6861
3 6997 6292 7947
3 3421 2880 7940
3 7280 5031 5506
3 5320 1921 5502
3 6449 548 9335
3 2606 6879 5500
3 535 2387 3232
3 5114 2197 2015
3 2276 6758 2445
3 6422 6802 2637
3 5033 3148 4015
3 3319 8428 3116
3 4039 1901 3459
3 1772 6369 368
3 1343 1274 1662
3 927 6043 2017
3 7450 1380 7448
3 6159 320 929
3 5165 6433 3185
3 6221 2151 9725
3 4687 8074 663
3 1262 1363 6906
3 4265 2048 2247
3 421 3629 998
3 8452 6839 9383
3 8991 4090 5651
3 2212 6782 9295
3 1233 5773 5101
3 1830 82 7305
3 3844 9196 2736
3 1946 6882 774
3 3593 4058 1711
3 4284 2920 8348
3 7385 6060 2941
3 6582 7119 9779
3 9325 1701 750
3 3062 7934 5330
3 5244 5332 1249
3 9426 1200 9250
3 8579 4649 1714
3 5864 7253 4524
3 9746 85 6370
3 3736 559 8692
3 5839 4946 10
3 5503 1589 2309
3 5017 5574 9471
3 2811 9580 2538
3 1205 7594 7003
3 7074 1406 8861
3 1723 1584 2375
3 2783 6778 5457
3 7785 7966 9122
3 7956 6446 45
3 5166 9583 1199
3 9996 8863 6713
3 4511 3517 4052
3 4092 5606 4801
3 2746 2977 978
3 9446 4301 2891
3 1259 8568 9094
3 9083 3651 8737
3 7078 9651 1959
3 8438 229 613
3 9540 5959 848
3 8256 7697 68
3 726 5863 76
3 2164 8212 6563
3 4451 1416 7024
3 3233 2751 6270
3 4537 1891 7963
3 1514 8729 1250
3 8179 3125 9711
3 3099 6604 6993
3 2240 5019 6090
3 1754 1192 2730
3 2237 4308 8021
3 2136 753 6520
3 9901 4193 219
3 3783 4088 1683
3 7289 4529 7664
3 4553 4646 6897
3 643 8298 8409
3 8886 9885 425
3 1958 226 2012
3 2201 7479 8784
3 2356 7307 491
3 922 8136 5177
3 6983 3827 8758
3 7340 7547 2803
3 1206 9362 1695
3 8311 9931 4376
3 7561 6937 8045
3 4523 8220 5213
3 8110 1937 682
3 8159 7830 803
3 3268 1932 4019
3 538 6539 2385
3 6519 6859 4911
3 7852 6923 1316
3 180 3754 4525
3 5949 8508 3201
3 5287 8304 6508
3 4752 7661 2889
3 5444 7217 5453
3 9715 7266 2439
3 8545 9248 4464
3 3759 8951 2551
3 5032 9821 1059
3 9010 3813 1412
3 6006 3502 3030
3 6354 2611 3928
3 9506 5889 7066
3 3790 1207 4486
3 2948 8662 1095
3 5887 3090 7327
3 3898 1358 6024
3 9410 3350 2492
3 9448 7392 4389
3 6633 7174 486
3 6881 4422 5473
3 9030 1289 4416
3 566 3310 5298
3 7474 1890 1474
3 5591 7735 7897
3 9733 5767 5690
3 7347 6866 5603
3 5822 5309 8227
3 572 7894 510
3 6875 5388 4012
3 5943 2620 1022
3 1217 6670 5755
3 1223 1805 4053
3 2230 5661 4234
3 8813 5331 1645
3 1438 1506 4618
3 5454 1338 5036
3 1141 475 3909
3 1189 7599 7300
3 4963 9912 4408
3 6723 4110 3528
3 9018 2739 1860
3 8083 9066 6368
3 9026 1057 5185
3 9563 6610 4119
3 6099 3260 2479
3 3660 2471 8781
3 7462 6045 66
3 7373 5847 7709
3 3554 4345 331
3 1373 3224 6310
3 9702 6462 9642
3 5315 8337 1925
3 1349 5764 327
3 5575 5124 6122
3 1543 14 4612
3 8364 5078 4105
3 8471 4186 1528
3 564 744 1384
3 8307 8266 2195
3 8510 3291 9088
3 9052 1498 8818
3 7968 9079 8809
3 9777 4560 5305
3 2214 2901 9909
3 2396 7776 3537
3 8296 6911 5402
3 6941 5927 2867
3 7294 8349 7472
3 5065 7560 8480
3 9845 3805 29
3 5827 4324 8909
3 5433 8126 2742
3 3661 2738 2755
3 7806 1906 8976
3 1630 661 442
3 3733 2099 488
3 913 2542 5805
3 2894 3103 2446
3 1394 897 7762
3 7027 36 1379
3 8693 779 3245
3 9666 3215 9012
3 3908 8764 9979
3 1123 9947 8587
3 7113 9898 7705
3 7338 3441 1603
3 8840 3836 5258
3 8102 5933 8120
3 3252 3720 5004
2 5121 7549
2 8479 4004
2 44 8777
2 3176 2475
2 4405 4964
2 3047 9433
2 8745 9552
2 1895 7648
2 8332 4402
2 8478 1763
2 8397 7079
2 2628 7703
2 9559 8849
2 8430 7522
2 6777 1767
2 8367 2817
2 5622 4134
2 2095 9585
2 8835 2245
2 321 8431
2 1883 9166
2 4161 3473
2 2043 8607
2 8548 8625
2 385 6336
2 2089 8183
2 7748 6192
2 1948 5308
2 6028 7618
2 2000 8964
2 513 7617
2 1923 1116
2 3362 1712
2 6965 7740
2 8516 6364
2 3516 1827
2 2766 3691
2 9246 3029
2 9719 5815
2 1393 6531
2 7993 9761
2 4363 2887
2 4187 1332
2 4559 2320
2 1533 6528
2 7914 6988
2 5489 3595
2 6202 7596
2 8325 5615
2 9096 6942
2 6553 9752
2 2875 4286
2 2702 5157
2 5813 5730
2 70 8454
2 6051 2762
2 240 6565
2 136 2102
2 5191 6137
2 6197 4595
2 3822 3052
2 1536 3021
2 7889 9659
2 8022 9595
2 4488 5422
2 5881 5731
2 4969 6922
2 1549 6244
2 2533 7236
2 7653 7018
2 4578 6846
2 7418 1058
2 4325 1848
2 3615 9338
2 4804 1313
2 2105 7121
2 3038 7931
2 3402 9194
2 2951 6180
2 1985 3965
2 8987 3445
2 9502 2184
2 7388 3807
2 1899 2464
2 9754 6259
2 7907 6409
2 316 728
2 7223 3753
2 1331 6087
2 5573 2152
2 378 9876
2 7333 7365
2 6748 1188
2 5409 3784
2 863 8875
2 227 8955
2 5051 4461
2 7251 4107
2 9717 1415
2 3225 2996
2 1731 7059
2 729 8244
2 3044 7045
2 7590 1485
2 8542 5023
2 8880 8556
2 5382 4913
2 4770 5010
2 8555 3619
2 2664 4705
2 2758 4252
2 4438 1290
2 5108 5682
2 3088 3616
2 4762 1436
2 5113 1298
2 4231 8695
2 9586 9057
2 6079 4667
2 1444 6000
2 4594 2691
2 1462 9851
2 9107 3220
2 2522 8228
2 6474 5188
2 686 4444
2 1575 6868
2 1082 5973
2 9193 5816
2 7855 9478
2 7988 1518
2 4672 2866
2 175 3707
2 450 6919
2 3070 6166
2 7638 6948
2 215 4393
2 8499 8891
2 5282 9484
2 6153 2029
2 5786 1252
2 571 1706
2 2363 4513
2 1477 4625
2 690 228
2 964 7987
2 9217 2505
2 7364 5263
2 7257 3823
2 3780 2348
2 2176 5862
2 3177 5963
2 4533 7611
2 6438 2997
2 4547 555
2 2660 74
2 9589 196
2 7670 4133
2 1530 943
2 3423 8366
2 9591 8497
2 3907 9970
2 8528 7089
2 5179 6660
2 9257 3219
2 637 294
2 8598 8329
2 4113 3481
2 5367 3741
2 8274 3975
2 5180 3077
2 2270 6044
2 6625 9728
2 2225 6388
2 2178 6062
2 2972 5358
2 8124 1974
2 8550 561
2 9596 2103
2 6059 716
2 9893 3101
2 8313 2748
2 8720 8205
2 6505 6124
2 2383 1352
2 357 3758
2 2266 1738
2 5261 5942
2 749 9619
2 9430 5084
2 6955 4281
2 98 484
2 3605 1026
2 1441 9439
2 712 5806
2 2784 353
2 1173 4881
2 952 1053
2 5452 1786
2 4189 1682
2 6716 9404
2 3014 1629
2 2156 3238
2 345 732
2 4800 6489
2 3005 5541
2 354 8476
2 9378 243
2 7767 7952
2 6601 2616
2 6424 1657
2 5775 8920
2 3163 8448
2 3183 5932
2 6214 9630
2 6717 79
2 2816 8071
2 6362 4067
2 4744 6895
2 7867 8378
2 665 5858
2 109 2777
2 1425 2053
2 8427 9897
2 2037 7609
2 4673 1926
2 2458 3779
2 1314 7722
2 971 9510
2 2069 2923
2 4872 4396
2 8905 7358
2 3815 3755
2 4145 569
2 135 3572
2 8271 3198
2 4968 2519
2 2581 3742
2 2853 3576
2 1398 7941
2 8096 2223
2 9454 1573
2 246 1280
2 6898 2677
2 102 8910
2 7680 5016
2 8492 6276
2 7169 8691
2 5139 4603
2 3962 9494
2 5796 7444
2 1248 8733
2 9354 4574
2 4041 370
